player_name,player_id,team,opponent,is_home,game_id,stat,line,market_line,pmf_source,calibration_source,cal_source,role_bucket,role_source,minutes_mean,minutes_q50,p_inactive_used,mean,pmf_mean,median,mode,p0,p_ge_1,p_ge_2,p_ge_3,p_ge_4,p_ge_5,p_ge_6,p_ge_7,p_ge_8,p_ge_9,p_ge_10,p_ge_11,p_ge_12,p_ge_13,p_ge_14,p_ge_15,p_ge_16,p_ge_17,p_ge_18,p_ge_19,p_ge_20,p_over,fair_over_odds_american,fair_under_odds_american,snapshot_type,snapshot_time_utc,model_version,pipeline_run_id,pmf_valid,pmf_sum_error,calibration_confidence,market_coverage_status,tov_status,injury_freshness_status,lineup_freshness_status,role_freshness_status,injury_context_source,injury_report_fetched_at_utc,expected_lineup_status,official_lineup_status,lineup_source,lineup_last_updated_utc,line_source
Stephon Castle,1028025261,SAS,OKC,False,21713534,stl,10.5,10.5,stat_grid:hurdle_v1+role_aware_pmf_cal_v1:starter+monotone_pit_cdf_v1+sparse_hurdle_guarded,phase8_role_aware_pmf_cal_v1+monotone_inactive_global_v1,role_aware_pmf_cal_v1,starter,derived_from_projected_minutes,29.0546,30.7465,0.05,0.6409,0.6409,0,0,0.5234,0.4766,0.1223,0.0351,0.0069,0.0,0.0,0.0,0.0,0.0,0.0,0.0,0.0,0.0,0.0,0.0,0.0,0.0,0.0,0.0,0.0,0.0,,,morning,2026-05-30T22:47:50Z,6233da92#phase10c,30c4e23e-47a2-4ac0-bf0b-c3c6422ca067,ok,0.0,high,full,current_phase8,fallback_used,projected,derived_from_projected_minutes,bdl_plus_nba_official,2026-05-30T22:46:57Z,projected,not_available_yet,bdl_lineup_freshness_manifest,2026-05-30T21:12:58Z,model_grid
Stephon Castle,1028025261,SAS,OKC,False,21713534,stl,11.5,11.5,stat_grid:hurdle_v1+role_aware_pmf_cal_v1:starter+monotone_pit_cdf_v1+sparse_hurdle_guarded,phase8_role_aware_pmf_cal_v1+monotone_inactive_global_v1,role_aware_pmf_cal_v1,starter,derived_from_projected_minutes,29.0546,30.7465,0.05,0.6409,0.6409,0,0,0.5234,0.4766,0.1223,0.0351,0.0069,0.0,0.0,0.0,0.0,0.0,0.0,0.0,0.0,0.0,0.0,0.0,0.0,0.0,0.0,0.0,0.0,0.0,,,morning,2026-05-30T22:47:50Z,6233da92#phase10c,30c4e23e-47a2-4ac0-bf0b-c3c6422ca067,ok,0.0,high,full,current_phase8,fallback_used,projected,derived_from_projected_minutes,bdl_plus_nba_official,2026-05-30T22:46:57Z,projected,not_available_yet,bdl_lineup_freshness_manifest,2026-05-30T21:12:58Z,model_grid
Stephon Castle,1028025261,SAS,OKC,False,21713534,stl,12.5,12.5,stat_grid:hurdle_v1+role_aware_pmf_cal_v1:starter+monotone_pit_cdf_v1+sparse_hurdle_guarded,phase8_role_aware_pmf_cal_v1+monotone_inactive_global_v1,role_aware_pmf_cal_v1,starter,derived_from_projected_minutes,29.0546,30.7465,0.05,0.6409,0.6409,0,0,0.5234,0.4766,0.1223,0.0351,0.0069,0.0,0.0,0.0,0.0,0.0,0.0,0.0,0.0,0.0,0.0,0.0,0.0,0.0,0.0,0.0,0.0,0.0,,,morning,2026-05-30T22:47:50Z,6233da92#phase10c,30c4e23e-47a2-4ac0-bf0b-c3c6422ca067,ok,0.0,high,full,current_phase8,fallback_used,projected,derived_from_projected_minutes,bdl_plus_nba_official,2026-05-30T22:46:57Z,projected,not_available_yet,bdl_lineup_freshness_manifest,2026-05-30T21:12:58Z,model_grid
Stephon Castle,1028025261,SAS,OKC,False,21713534,stl,13.5,13.5,stat_grid:hurdle_v1+role_aware_pmf_cal_v1:starter+monotone_pit_cdf_v1+sparse_hurdle_guarded,phase8_role_aware_pmf_cal_v1+monotone_inactive_global_v1,role_aware_pmf_cal_v1,starter,derived_from_projected_minutes,29.0546,30.7465,0.05,0.6409,0.6409,0,0,0.5234,0.4766,0.1223,0.0351,0.0069,0.0,0.0,0.0,0.0,0.0,0.0,0.0,0.0,0.0,0.0,0.0,0.0,0.0,0.0,0.0,0.0,0.0,,,morning,2026-05-30T22:47:50Z,6233da92#phase10c,30c4e23e-47a2-4ac0-bf0b-c3c6422ca067,ok,0.0,high,full,current_phase8,fallback_used,projected,derived_from_projected_minutes,bdl_plus_nba_official,2026-05-30T22:46:57Z,projected,not_available_yet,bdl_lineup_freshness_manifest,2026-05-30T21:12:58Z,model_grid
Stephon Castle,1028025261,SAS,OKC,False,21713534,stl,14.5,14.5,stat_grid:hurdle_v1+role_aware_pmf_cal_v1:starter+monotone_pit_cdf_v1+sparse_hurdle_guarded,phase8_role_aware_pmf_cal_v1+monotone_inactive_global_v1,role_aware_pmf_cal_v1,starter,derived_from_projected_minutes,29.0546,30.7465,0.05,0.6409,0.6409,0,0,0.5234,0.4766,0.1223,0.0351,0.0069,0.0,0.0,0.0,0.0,0.0,0.0,0.0,0.0,0.0,0.0,0.0,0.0,0.0,0.0,0.0,0.0,0.0,,,morning,2026-05-30T22:47:50Z,6233da92#phase10c,30c4e23e-47a2-4ac0-bf0b-c3c6422ca067,ok,0.0,high,full,current_phase8,fallback_used,projected,derived_from_projected_minutes,bdl_plus_nba_official,2026-05-30T22:46:57Z,projected,not_available_yet,bdl_lineup_freshness_manifest,2026-05-30T21:12:58Z,model_grid
Stephon Castle,1028025261,SAS,OKC,False,21713534,stl,15.5,15.5,stat_grid:hurdle_v1+role_aware_pmf_cal_v1:starter+monotone_pit_cdf_v1+sparse_hurdle_guarded,phase8_role_aware_pmf_cal_v1+monotone_inactive_global_v1,role_aware_pmf_cal_v1,starter,derived_from_projected_minutes,29.0546,30.7465,0.05,0.6409,0.6409,0,0,0.5234,0.4766,0.1223,0.0351,0.0069,0.0,0.0,0.0,0.0,0.0,0.0,0.0,0.0,0.0,0.0,0.0,0.0,0.0,0.0,0.0,0.0,0.0,,,morning,2026-05-30T22:47:50Z,6233da92#phase10c,30c4e23e-47a2-4ac0-bf0b-c3c6422ca067,ok,0.0,high,full,current_phase8,fallback_used,projected,derived_from_projected_minutes,bdl_plus_nba_official,2026-05-30T22:46:57Z,projected,not_available_yet,bdl_lineup_freshness_manifest,2026-05-30T21:12:58Z,model_grid
Stephon Castle,1028025261,SAS,OKC,False,21713534,stl,16.5,16.5,stat_grid:hurdle_v1+role_aware_pmf_cal_v1:starter+monotone_pit_cdf_v1+sparse_hurdle_guarded,phase8_role_aware_pmf_cal_v1+monotone_inactive_global_v1,role_aware_pmf_cal_v1,starter,derived_from_projected_minutes,29.0546,30.7465,0.05,0.6409,0.6409,0,0,0.5234,0.4766,0.1223,0.0351,0.0069,0.0,0.0,0.0,0.0,0.0,0.0,0.0,0.0,0.0,0.0,0.0,0.0,0.0,0.0,0.0,0.0,0.0,,,morning,2026-05-30T22:47:50Z,6233da92#phase10c,30c4e23e-47a2-4ac0-bf0b-c3c6422ca067,ok,0.0,high,full,current_phase8,fallback_used,projected,derived_from_projected_minutes,bdl_plus_nba_official,2026-05-30T22:46:57Z,projected,not_available_yet,bdl_lineup_freshness_manifest,2026-05-30T21:12:58Z,model_grid
Stephon Castle,1028025261,SAS,OKC,False,21713534,stl,17.5,17.5,stat_grid:hurdle_v1+role_aware_pmf_cal_v1:starter+monotone_pit_cdf_v1+sparse_hurdle_guarded,phase8_role_aware_pmf_cal_v1+monotone_inactive_global_v1,role_aware_pmf_cal_v1,starter,derived_from_projected_minutes,29.0546,30.7465,0.05,0.6409,0.6409,0,0,0.5234,0.4766,0.1223,0.0351,0.0069,0.0,0.0,0.0,0.0,0.0,0.0,0.0,0.0,0.0,0.0,0.0,0.0,0.0,0.0,0.0,0.0,0.0,,,morning,2026-05-30T22:47:50Z,6233da92#phase10c,30c4e23e-47a2-4ac0-bf0b-c3c6422ca067,ok,0.0,high,full,current_phase8,fallback_used,projected,derived_from_projected_minutes,bdl_plus_nba_official,2026-05-30T22:46:57Z,projected,not_available_yet,bdl_lineup_freshness_manifest,2026-05-30T21:12:58Z,model_grid
Stephon Castle,1028025261,SAS,OKC,False,21713534,stl,18.5,18.5,stat_grid:hurdle_v1+role_aware_pmf_cal_v1:starter+monotone_pit_cdf_v1+sparse_hurdle_guarded,phase8_role_aware_pmf_cal_v1+monotone_inactive_global_v1,role_aware_pmf_cal_v1,starter,derived_from_projected_minutes,29.0546,30.7465,0.05,0.6409,0.6409,0,0,0.5234,0.4766,0.1223,0.0351,0.0069,0.0,0.0,0.0,0.0,0.0,0.0,0.0,0.0,0.0,0.0,0.0,0.0,0.0,0.0,0.0,0.0,0.0,,,morning,2026-05-30T22:47:50Z,6233da92#phase10c,30c4e23e-47a2-4ac0-bf0b-c3c6422ca067,ok,0.0,high,full,current_phase8,fallback_used,projected,derived_from_projected_minutes,bdl_plus_nba_official,2026-05-30T22:46:57Z,projected,not_available_yet,bdl_lineup_freshness_manifest,2026-05-30T21:12:58Z,model_grid
Stephon Castle,1028025261,SAS,OKC,False,21713534,stl,19.5,19.5,stat_grid:hurdle_v1+role_aware_pmf_cal_v1:starter+monotone_pit_cdf_v1+sparse_hurdle_guarded,phase8_role_aware_pmf_cal_v1+monotone_inactive_global_v1,role_aware_pmf_cal_v1,starter,derived_from_projected_minutes,29.0546,30.7465,0.05,0.6409,0.6409,0,0,0.5234,0.4766,0.1223,0.0351,0.0069,0.0,0.0,0.0,0.0,0.0,0.0,0.0,0.0,0.0,0.0,0.0,0.0,0.0,0.0,0.0,0.0,0.0,,,morning,2026-05-30T22:47:50Z,6233da92#phase10c,30c4e23e-47a2-4ac0-bf0b-c3c6422ca067,ok,0.0,high,full,current_phase8,fallback_used,projected,derived_from_projected_minutes,bdl_plus_nba_official,2026-05-30T22:46:57Z,projected,not_available_yet,bdl_lineup_freshness_manifest,2026-05-30T21:12:58Z,model_grid
Stephon Castle,1028025261,SAS,OKC,False,21713534,blk,0.5,0.5,stat_grid:hurdle_v1+role_aware_pmf_cal_v1:starter+monotone_pit_cdf_v1+sparse_hurdle_guarded,phase8_role_aware_pmf_cal_v1+monotone_inactive_global_v1,role_aware_pmf_cal_v1,starter,derived_from_projected_minutes,29.0546,30.7465,0.05,0.2705,0.2705,0,0,0.7874,0.2126,0.049,0.0089,0.0,0.0,0.0,0.0,0.0,0.0,0.0,0.0,0.0,0.0,0.0,0.0,0.0,0.0,0.0,0.0,0.0,0.2126,370.0,-370.0,morning,2026-05-30T22:47:50Z,6233da92#phase10c,30c4e23e-47a2-4ac0-bf0b-c3c6422ca067,ok,0.0,high,full,current_phase8,fallback_used,projected,derived_from_projected_minutes,bdl_plus_nba_official,2026-05-30T22:46:57Z,projected,not_available_yet,bdl_lineup_freshness_manifest,2026-05-30T21:12:58Z,model_grid
Stephon Castle,1028025261,SAS,OKC,False,21713534,blk,1.5,1.5,stat_grid:hurdle_v1+role_aware_pmf_cal_v1:starter+monotone_pit_cdf_v1+sparse_hurdle_guarded,phase8_role_aware_pmf_cal_v1+monotone_inactive_global_v1,role_aware_pmf_cal_v1,starter,derived_from_projected_minutes,29.0546,30.7465,0.05,0.2705,0.2705,0,0,0.7874,0.2126,0.049,0.0089,0.0,0.0,0.0,0.0,0.0,0.0,0.0,0.0,0.0,0.0,0.0,0.0,0.0,0.0,0.0,0.0,0.0,0.049,1940.0,-1940.0,morning,2026-05-30T22:47:50Z,6233da92#phase10c,30c4e23e-47a2-4ac0-bf0b-c3c6422ca067,ok,0.0,high,full,current_phase8,fallback_used,projected,derived_from_projected_minutes,bdl_plus_nba_official,2026-05-30T22:46:57Z,projected,not_available_yet,bdl_lineup_freshness_manifest,2026-05-30T21:12:58Z,model_grid
Stephon Castle,1028025261,SAS,OKC,False,21713534,blk,2.5,2.5,stat_grid:hurdle_v1+role_aware_pmf_cal_v1:starter+monotone_pit_cdf_v1+sparse_hurdle_guarded,phase8_role_aware_pmf_cal_v1+monotone_inactive_global_v1,role_aware_pmf_cal_v1,starter,derived_from_projected_minutes,29.0546,30.7465,0.05,0.2705,0.2705,0,0,0.7874,0.2126,0.049,0.0089,0.0,0.0,0.0,0.0,0.0,0.0,0.0,0.0,0.0,0.0,0.0,0.0,0.0,0.0,0.0,0.0,0.0,0.0089,11125.0,-11125.0,morning,2026-05-30T22:47:50Z,6233da92#phase10c,30c4e23e-47a2-4ac0-bf0b-c3c6422ca067,ok,0.0,high,full,current_phase8,fallback_used,projected,derived_from_projected_minutes,bdl_plus_nba_official,2026-05-30T22:46:57Z,projected,not_available_yet,bdl_lineup_freshness_manifest,2026-05-30T21:12:58Z,model_grid
Stephon Castle,1028025261,SAS,OKC,False,21713534,blk,3.5,3.5,stat_grid:hurdle_v1+role_aware_pmf_cal_v1:starter+monotone_pit_cdf_v1+sparse_hurdle_guarded,phase8_role_aware_pmf_cal_v1+monotone_inactive_global_v1,role_aware_pmf_cal_v1,starter,derived_from_projected_minutes,29.0546,30.7465,0.05,0.2705,0.2705,0,0,0.7874,0.2126,0.049,0.0089,0.0,0.0,0.0,0.0,0.0,0.0,0.0,0.0,0.0,0.0,0.0,0.0,0.0,0.0,0.0,0.0,0.0,0.0,,,morning,2026-05-30T22:47:50Z,6233da92#phase10c,30c4e23e-47a2-4ac0-bf0b-c3c6422ca067,ok,0.0,high,full,current_phase8,fallback_used,projected,derived_from_projected_minutes,bdl_plus_nba_official,2026-05-30T22:46:57Z,projected,not_available_yet,bdl_lineup_freshness_manifest,2026-05-30T21:12:58Z,model_grid
Stephon Castle,1028025261,SAS,OKC,False,21713534,blk,4.5,4.5,stat_grid:hurdle_v1+role_aware_pmf_cal_v1:starter+monotone_pit_cdf_v1+sparse_hurdle_guarded,phase8_role_aware_pmf_cal_v1+monotone_inactive_global_v1,role_aware_pmf_cal_v1,starter,derived_from_projected_minutes,29.0546,30.7465,0.05,0.2705,0.2705,0,0,0.7874,0.2126,0.049,0.0089,0.0,0.0,0.0,0.0,0.0,0.0,0.0,0.0,0.0,0.0,0.0,0.0,0.0,0.0,0.0,0.0,0.0,0.0,,,morning,2026-05-30T22:47:50Z,6233da92#phase10c,30c4e23e-47a2-4ac0-bf0b-c3c6422ca067,ok,0.0,high,full,current_phase8,fallback_used,projected,derived_from_projected_minutes,bdl_plus_nba_official,2026-05-30T22:46:57Z,projected,not_available_yet,bdl_lineup_freshness_manifest,2026-05-30T21:12:58Z,model_grid
Stephon Castle,1028025261,SAS,OKC,False,21713534,blk,5.5,5.5,stat_grid:hurdle_v1+role_aware_pmf_cal_v1:starter+monotone_pit_cdf_v1+sparse_hurdle_guarded,phase8_role_aware_pmf_cal_v1+monotone_inactive_global_v1,role_aware_pmf_cal_v1,starter,derived_from_projected_minutes,29.0546,30.7465,0.05,0.2705,0.2705,0,0,0.7874,0.2126,0.049,0.0089,0.0,0.0,0.0,0.0,0.0,0.0,0.0,0.0,0.0,0.0,0.0,0.0,0.0,0.0,0.0,0.0,0.0,0.0,,,morning,2026-05-30T22:47:50Z,6233da92#phase10c,30c4e23e-47a2-4ac0-bf0b-c3c6422ca067,ok,0.0,high,full,current_phase8,fallback_used,projected,derived_from_projected_minutes,bdl_plus_nba_official,2026-05-30T22:46:57Z,projected,not_available_yet,bdl_lineup_freshness_manifest,2026-05-30T21:12:58Z,model_grid
Stephon Castle,1028025261,SAS,OKC,False,21713534,blk,6.5,6.5,stat_grid:hurdle_v1+role_aware_pmf_cal_v1:starter+monotone_pit_cdf_v1+sparse_hurdle_guarded,phase8_role_aware_pmf_cal_v1+monotone_inactive_global_v1,role_aware_pmf_cal_v1,starter,derived_from_projected_minutes,29.0546,30.7465,0.05,0.2705,0.2705,0,0,0.7874,0.2126,0.049,0.0089,0.0,0.0,0.0,0.0,0.0,0.0,0.0,0.0,0.0,0.0,0.0,0.0,0.0,0.0,0.0,0.0,0.0,0.0,,,morning,2026-05-30T22:47:50Z,6233da92#phase10c,30c4e23e-47a2-4ac0-bf0b-c3c6422ca067,ok,0.0,high,full,current_phase8,fallback_used,projected,derived_from_projected_minutes,bdl_plus_nba_official,2026-05-30T22:46:57Z,projected,not_available_yet,bdl_lineup_freshness_manifest,2026-05-30T21:12:58Z,model_grid
Stephon Castle,1028025261,SAS,OKC,False,21713534,blk,7.5,7.5,stat_grid:hurdle_v1+role_aware_pmf_cal_v1:starter+monotone_pit_cdf_v1+sparse_hurdle_guarded,phase8_role_aware_pmf_cal_v1+monotone_inactive_global_v1,role_aware_pmf_cal_v1,starter,derived_from_projected_minutes,29.0546,30.7465,0.05,0.2705,0.2705,0,0,0.7874,0.2126,0.049,0.0089,0.0,0.0,0.0,0.0,0.0,0.0,0.0,0.0,0.0,0.0,0.0,0.0,0.0,0.0,0.0,0.0,0.0,0.0,,,morning,2026-05-30T22:47:50Z,6233da92#phase10c,30c4e23e-47a2-4ac0-bf0b-c3c6422ca067,ok,0.0,high,full,current_phase8,fallback_used,projected,derived_from_projected_minutes,bdl_plus_nba_official,2026-05-30T22:46:57Z,projected,not_available_yet,bdl_lineup_freshness_manifest,2026-05-30T21:12:58Z,model_grid
Stephon Castle,1028025261,SAS,OKC,False,21713534,blk,8.5,8.5,stat_grid:hurdle_v1+role_aware_pmf_cal_v1:starter+monotone_pit_cdf_v1+sparse_hurdle_guarded,phase8_role_aware_pmf_cal_v1+monotone_inactive_global_v1,role_aware_pmf_cal_v1,starter,derived_from_projected_minutes,29.0546,30.7465,0.05,0.2705,0.2705,0,0,0.7874,0.2126,0.049,0.0089,0.0,0.0,0.0,0.0,0.0,0.0,0.0,0.0,0.0,0.0,0.0,0.0,0.0,0.0,0.0,0.0,0.0,0.0,,,morning,2026-05-30T22:47:50Z,6233da92#phase10c,30c4e23e-47a2-4ac0-bf0b-c3c6422ca067,ok,0.0,high,full,current_phase8,fallback_used,projected,derived_from_projected_minutes,bdl_plus_nba_official,2026-05-30T22:46:57Z,projected,not_available_yet,bdl_lineup_freshness_manifest,2026-05-30T21:12:58Z,model_grid
Stephon Castle,1028025261,SAS,OKC,False,21713534,blk,9.5,9.5,stat_grid:hurdle_v1+role_aware_pmf_cal_v1:starter+monotone_pit_cdf_v1+sparse_hurdle_guarded,phase8_role_aware_pmf_cal_v1+monotone_inactive_global_v1,role_aware_pmf_cal_v1,starter,derived_from_projected_minutes,29.0546,30.7465,0.05,0.2705,0.2705,0,0,0.7874,0.2126,0.049,0.0089,0.0,0.0,0.0,0.0,0.0,0.0,0.0,0.0,0.0,0.0,0.0,0.0,0.0,0.0,0.0,0.0,0.0,0.0,,,morning,2026-05-30T22:47:50Z,6233da92#phase10c,30c4e23e-47a2-4ac0-bf0b-c3c6422ca067,ok,0.0,high,full,current_phase8,fallback_used,projected,derived_from_projected_minutes,bdl_plus_nba_official,2026-05-30T22:46:57Z,projected,not_available_yet,bdl_lineup_freshness_manifest,2026-05-30T21:12:58Z,model_grid
Stephon Castle,1028025261,SAS,OKC,False,21713534,blk,10.5,10.5,stat_grid:hurdle_v1+role_aware_pmf_cal_v1:starter+monotone_pit_cdf_v1+sparse_hurdle_guarded,phase8_role_aware_pmf_cal_v1+monotone_inactive_global_v1,role_aware_pmf_cal_v1,starter,derived_from_projected_minutes,29.0546,30.7465,0.05,0.2705,0.2705,0,0,0.7874,0.2126,0.049,0.0089,0.0,0.0,0.0,0.0,0.0,0.0,0.0,0.0,0.0,0.0,0.0,0.0,0.0,0.0,0.0,0.0,0.0,0.0,,,morning,2026-05-30T22:47:50Z,6233da92#phase10c,30c4e23e-47a2-4ac0-bf0b-c3c6422ca067,ok,0.0,high,full,current_phase8,fallback_used,projected,derived_from_projected_minutes,bdl_plus_nba_official,2026-05-30T22:46:57Z,projected,not_available_yet,bdl_lineup_freshness_manifest,2026-05-30T21:12:58Z,model_grid
Stephon Castle,1028025261,SAS,OKC,False,21713534,blk,11.5,11.5,stat_grid:hurdle_v1+role_aware_pmf_cal_v1:starter+monotone_pit_cdf_v1+sparse_hurdle_guarded,phase8_role_aware_pmf_cal_v1+monotone_inactive_global_v1,role_aware_pmf_cal_v1,starter,derived_from_projected_minutes,29.0546,30.7465,0.05,0.2705,0.2705,0,0,0.7874,0.2126,0.049,0.0089,0.0,0.0,0.0,0.0,0.0,0.0,0.0,0.0,0.0,0.0,0.0,0.0,0.0,0.0,0.0,0.0,0.0,0.0,,,morning,2026-05-30T22:47:50Z,6233da92#phase10c,30c4e23e-47a2-4ac0-bf0b-c3c6422ca067,ok,0.0,high,full,current_phase8,fallback_used,projected,derived_from_projected_minutes,bdl_plus_nba_official,2026-05-30T22:46:57Z,projected,not_available_yet,bdl_lineup_freshness_manifest,2026-05-30T21:12:58Z,model_grid
Stephon Castle,1028025261,SAS,OKC,False,21713534,blk,12.5,12.5,stat_grid:hurdle_v1+role_aware_pmf_cal_v1:starter+monotone_pit_cdf_v1+sparse_hurdle_guarded,phase8_role_aware_pmf_cal_v1+monotone_inactive_global_v1,role_aware_pmf_cal_v1,starter,derived_from_projected_minutes,29.0546,30.7465,0.05,0.2705,0.2705,0,0,0.7874,0.2126,0.049,0.0089,0.0,0.0,0.0,0.0,0.0,0.0,0.0,0.0,0.0,0.0,0.0,0.0,0.0,0.0,0.0,0.0,0.0,0.0,,,morning,2026-05-30T22:47:50Z,6233da92#phase10c,30c4e23e-47a2-4ac0-bf0b-c3c6422ca067,ok,0.0,high,full,current_phase8,fallback_used,projected,derived_from_projected_minutes,bdl_plus_nba_official,2026-05-30T22:46:57Z,projected,not_available_yet,bdl_lineup_freshness_manifest,2026-05-30T21:12:58Z,model_grid
Stephon Castle,1028025261,SAS,OKC,False,21713534,blk,13.5,13.5,stat_grid:hurdle_v1+role_aware_pmf_cal_v1:starter+monotone_pit_cdf_v1+sparse_hurdle_guarded,phase8_role_aware_pmf_cal_v1+monotone_inactive_global_v1,role_aware_pmf_cal_v1,starter,derived_from_projected_minutes,29.0546,30.7465,0.05,0.2705,0.2705,0,0,0.7874,0.2126,0.049,0.0089,0.0,0.0,0.0,0.0,0.0,0.0,0.0,0.0,0.0,0.0,0.0,0.0,0.0,0.0,0.0,0.0,0.0,0.0,,,morning,2026-05-30T22:47:50Z,6233da92#phase10c,30c4e23e-47a2-4ac0-bf0b-c3c6422ca067,ok,0.0,high,full,current_phase8,fallback_used,projected,derived_from_projected_minutes,bdl_plus_nba_official,2026-05-30T22:46:57Z,projected,not_available_yet,bdl_lineup_freshness_manifest,2026-05-30T21:12:58Z,model_grid
Stephon Castle,1028025261,SAS,OKC,False,21713534,blk,14.5,14.5,stat_grid:hurdle_v1+role_aware_pmf_cal_v1:starter+monotone_pit_cdf_v1+sparse_hurdle_guarded,phase8_role_aware_pmf_cal_v1+monotone_inactive_global_v1,role_aware_pmf_cal_v1,starter,derived_from_projected_minutes,29.0546,30.7465,0.05,0.2705,0.2705,0,0,0.7874,0.2126,0.049,0.0089,0.0,0.0,0.0,0.0,0.0,0.0,0.0,0.0,0.0,0.0,0.0,0.0,0.0,0.0,0.0,0.0,0.0,0.0,,,morning,2026-05-30T22:47:50Z,6233da92#phase10c,30c4e23e-47a2-4ac0-bf0b-c3c6422ca067,ok,0.0,high,full,current_phase8,fallback_used,projected,derived_from_projected_minutes,bdl_plus_nba_official,2026-05-30T22:46:57Z,projected,not_available_yet,bdl_lineup_freshness_manifest,2026-05-30T21:12:58Z,model_grid
Stephon Castle,1028025261,SAS,OKC,False,21713534,blk,15.5,15.5,stat_grid:hurdle_v1+role_aware_pmf_cal_v1:starter+monotone_pit_cdf_v1+sparse_hurdle_guarded,phase8_role_aware_pmf_cal_v1+monotone_inactive_global_v1,role_aware_pmf_cal_v1,starter,derived_from_projected_minutes,29.0546,30.7465,0.05,0.2705,0.2705,0,0,0.7874,0.2126,0.049,0.0089,0.0,0.0,0.0,0.0,0.0,0.0,0.0,0.0,0.0,0.0,0.0,0.0,0.0,0.0,0.0,0.0,0.0,0.0,,,morning,2026-05-30T22:47:50Z,6233da92#phase10c,30c4e23e-47a2-4ac0-bf0b-c3c6422ca067,ok,0.0,high,full,current_phase8,fallback_used,projected,derived_from_projected_minutes,bdl_plus_nba_official,2026-05-30T22:46:57Z,projected,not_available_yet,bdl_lineup_freshness_manifest,2026-05-30T21:12:58Z,model_grid
Stephon Castle,1028025261,SAS,OKC,False,21713534,blk,16.5,16.5,stat_grid:hurdle_v1+role_aware_pmf_cal_v1:starter+monotone_pit_cdf_v1+sparse_hurdle_guarded,phase8_role_aware_pmf_cal_v1+monotone_inactive_global_v1,role_aware_pmf_cal_v1,starter,derived_from_projected_minutes,29.0546,30.7465,0.05,0.2705,0.2705,0,0,0.7874,0.2126,0.049,0.0089,0.0,0.0,0.0,0.0,0.0,0.0,0.0,0.0,0.0,0.0,0.0,0.0,0.0,0.0,0.0,0.0,0.0,0.0,,,morning,2026-05-30T22:47:50Z,6233da92#phase10c,30c4e23e-47a2-4ac0-bf0b-c3c6422ca067,ok,0.0,high,full,current_phase8,fallback_used,projected,derived_from_projected_minutes,bdl_plus_nba_official,2026-05-30T22:46:57Z,projected,not_available_yet,bdl_lineup_freshness_manifest,2026-05-30T21:12:58Z,model_grid
Stephon Castle,1028025261,SAS,OKC,False,21713534,blk,17.5,17.5,stat_grid:hurdle_v1+role_aware_pmf_cal_v1:starter+monotone_pit_cdf_v1+sparse_hurdle_guarded,phase8_role_aware_pmf_cal_v1+monotone_inactive_global_v1,role_aware_pmf_cal_v1,starter,derived_from_projected_minutes,29.0546,30.7465,0.05,0.2705,0.2705,0,0,0.7874,0.2126,0.049,0.0089,0.0,0.0,0.0,0.0,0.0,0.0,0.0,0.0,0.0,0.0,0.0,0.0,0.0,0.0,0.0,0.0,0.0,0.0,,,morning,2026-05-30T22:47:50Z,6233da92#phase10c,30c4e23e-47a2-4ac0-bf0b-c3c6422ca067,ok,0.0,high,full,current_phase8,fallback_used,projected,derived_from_projected_minutes,bdl_plus_nba_official,2026-05-30T22:46:57Z,projected,not_available_yet,bdl_lineup_freshness_manifest,2026-05-30T21:12:58Z,model_grid
Stephon Castle,1028025261,SAS,OKC,False,21713534,blk,18.5,18.5,stat_grid:hurdle_v1+role_aware_pmf_cal_v1:starter+monotone_pit_cdf_v1+sparse_hurdle_guarded,phase8_role_aware_pmf_cal_v1+monotone_inactive_global_v1,role_aware_pmf_cal_v1,starter,derived_from_projected_minutes,29.0546,30.7465,0.05,0.2705,0.2705,0,0,0.7874,0.2126,0.049,0.0089,0.0,0.0,0.0,0.0,0.0,0.0,0.0,0.0,0.0,0.0,0.0,0.0,0.0,0.0,0.0,0.0,0.0,0.0,,,morning,2026-05-30T22:47:50Z,6233da92#phase10c,30c4e23e-47a2-4ac0-bf0b-c3c6422ca067,ok,0.0,high,full,current_phase8,fallback_used,projected,derived_from_projected_minutes,bdl_plus_nba_official,2026-05-30T22:46:57Z,projected,not_available_yet,bdl_lineup_freshness_manifest,2026-05-30T21:12:58Z,model_grid
Stephon Castle,1028025261,SAS,OKC,False,21713534,blk,19.5,19.5,stat_grid:hurdle_v1+role_aware_pmf_cal_v1:starter+monotone_pit_cdf_v1+sparse_hurdle_guarded,phase8_role_aware_pmf_cal_v1+monotone_inactive_global_v1,role_aware_pmf_cal_v1,starter,derived_from_projected_minutes,29.0546,30.7465,0.05,0.2705,0.2705,0,0,0.7874,0.2126,0.049,0.0089,0.0,0.0,0.0,0.0,0.0,0.0,0.0,0.0,0.0,0.0,0.0,0.0,0.0,0.0,0.0,0.0,0.0,0.0,,,morning,2026-05-30T22:47:50Z,6233da92#phase10c,30c4e23e-47a2-4ac0-bf0b-c3c6422ca067,ok,0.0,high,full,current_phase8,fallback_used,projected,derived_from_projected_minutes,bdl_plus_nba_official,2026-05-30T22:46:57Z,projected,not_available_yet,bdl_lineup_freshness_manifest,2026-05-30T21:12:58Z,model_grid
Stephon Castle,1028025261,SAS,OKC,False,21713534,stocks,0.5,0.5,"stat_grid:component_convolution_mean_coherent_v1+components[stl:hurdle_v1+role_aware_pmf_cal_v1:starter+monotone_pit_cdf_v1+sparse_hurdle_guarded,blk:hurdle_v1+role_aware_pmf_cal_v1:starter+monotone_pit_cdf_v1+sparse_hurdle_guarded]+prior_combo[joint_sampler_v1+joint_combo_pmf_v1+role_aware_pmf_cal_v1:starter+monotone_pit_cdf_v1+sparse_hurdle_guarded]+stat_grid_final_component_convolution_mean_coherent_v1",phase8_role_aware_pmf_cal_v1+monotone_inactive_global_v1,phase8_pmf_cal,starter,derived_from_projected_minutes,29.0546,30.7465,0.05,0.9114,0.9114,1,0,0.4122,0.5878,0.2233,0.0756,0.0204,0.0036,0.0006,0.0001,0.0,0.0,0.0,0.0,0.0,0.0,0.0,0.0,0.0,0.0,0.0,0.0,0.0,0.5878,-143.0,143.0,morning,2026-05-30T22:47:50Z,6233da92#phase10c,30c4e23e-47a2-4ac0-bf0b-c3c6422ca067,ok,0.0,high,full,current_phase8,fallback_used,projected,derived_from_projected_minutes,bdl_plus_nba_official,2026-05-30T22:46:57Z,projected,not_available_yet,bdl_lineup_freshness_manifest,2026-05-30T21:12:58Z,model_grid
Stephon Castle,1028025261,SAS,OKC,False,21713534,stocks,1.5,1.5,"stat_grid:component_convolution_mean_coherent_v1+components[stl:hurdle_v1+role_aware_pmf_cal_v1:starter+monotone_pit_cdf_v1+sparse_hurdle_guarded,blk:hurdle_v1+role_aware_pmf_cal_v1:starter+monotone_pit_cdf_v1+sparse_hurdle_guarded]+prior_combo[joint_sampler_v1+joint_combo_pmf_v1+role_aware_pmf_cal_v1:starter+monotone_pit_cdf_v1+sparse_hurdle_guarded]+stat_grid_final_component_convolution_mean_coherent_v1",phase8_role_aware_pmf_cal_v1+monotone_inactive_global_v1,phase8_pmf_cal,starter,derived_from_projected_minutes,29.0546,30.7465,0.05,0.9114,0.9114,1,0,0.4122,0.5878,0.2233,0.0756,0.0204,0.0036,0.0006,0.0001,0.0,0.0,0.0,0.0,0.0,0.0,0.0,0.0,0.0,0.0,0.0,0.0,0.0,0.2233,348.0,-348.0,morning,2026-05-30T22:47:50Z,6233da92#phase10c,30c4e23e-47a2-4ac0-bf0b-c3c6422ca067,ok,0.0,high,full,current_phase8,fallback_used,projected,derived_from_projected_minutes,bdl_plus_nba_official,2026-05-30T22:46:57Z,projected,not_available_yet,bdl_lineup_freshness_manifest,2026-05-30T21:12:58Z,model_grid
Stephon Castle,1028025261,SAS,OKC,False,21713534,stocks,2.5,2.5,"stat_grid:component_convolution_mean_coherent_v1+components[stl:hurdle_v1+role_aware_pmf_cal_v1:starter+monotone_pit_cdf_v1+sparse_hurdle_guarded,blk:hurdle_v1+role_aware_pmf_cal_v1:starter+monotone_pit_cdf_v1+sparse_hurdle_guarded]+prior_combo[joint_sampler_v1+joint_combo_pmf_v1+role_aware_pmf_cal_v1:starter+monotone_pit_cdf_v1+sparse_hurdle_guarded]+stat_grid_final_component_convolution_mean_coherent_v1",phase8_role_aware_pmf_cal_v1+monotone_inactive_global_v1,phase8_pmf_cal,starter,derived_from_projected_minutes,29.0546,30.7465,0.05,0.9114,0.9114,1,0,0.4122,0.5878,0.2233,0.0756,0.0204,0.0036,0.0006,0.0001,0.0,0.0,0.0,0.0,0.0,0.0,0.0,0.0,0.0,0.0,0.0,0.0,0.0,0.0756,1222.0,-1222.0,morning,2026-05-30T22:47:50Z,6233da92#phase10c,30c4e23e-47a2-4ac0-bf0b-c3c6422ca067,ok,0.0,high,full,current_phase8,fallback_used,projected,derived_from_projected_minutes,bdl_plus_nba_official,2026-05-30T22:46:57Z,projected,not_available_yet,bdl_lineup_freshness_manifest,2026-05-30T21:12:58Z,model_grid
Stephon Castle,1028025261,SAS,OKC,False,21713534,stocks,3.5,3.5,"stat_grid:component_convolution_mean_coherent_v1+components[stl:hurdle_v1+role_aware_pmf_cal_v1:starter+monotone_pit_cdf_v1+sparse_hurdle_guarded,blk:hurdle_v1+role_aware_pmf_cal_v1:starter+monotone_pit_cdf_v1+sparse_hurdle_guarded]+prior_combo[joint_sampler_v1+joint_combo_pmf_v1+role_aware_pmf_cal_v1:starter+monotone_pit_cdf_v1+sparse_hurdle_guarded]+stat_grid_final_component_convolution_mean_coherent_v1",phase8_role_aware_pmf_cal_v1+monotone_inactive_global_v1,phase8_pmf_cal,starter,derived_from_projected_minutes,29.0546,30.7465,0.05,0.9114,0.9114,1,0,0.4122,0.5878,0.2233,0.0756,0.0204,0.0036,0.0006,0.0001,0.0,0.0,0.0,0.0,0.0,0.0,0.0,0.0,0.0,0.0,0.0,0.0,0.0,0.0204,4813.0,-4813.0,morning,2026-05-30T22:47:50Z,6233da92#phase10c,30c4e23e-47a2-4ac0-bf0b-c3c6422ca067,ok,0.0,high,full,current_phase8,fallback_used,projected,derived_from_projected_minutes,bdl_plus_nba_official,2026-05-30T22:46:57Z,projected,not_available_yet,bdl_lineup_freshness_manifest,2026-05-30T21:12:58Z,model_grid
Stephon Castle,1028025261,SAS,OKC,False,21713534,stocks,4.5,4.5,"stat_grid:component_convolution_mean_coherent_v1+components[stl:hurdle_v1+role_aware_pmf_cal_v1:starter+monotone_pit_cdf_v1+sparse_hurdle_guarded,blk:hurdle_v1+role_aware_pmf_cal_v1:starter+monotone_pit_cdf_v1+sparse_hurdle_guarded]+prior_combo[joint_sampler_v1+joint_combo_pmf_v1+role_aware_pmf_cal_v1:starter+monotone_pit_cdf_v1+sparse_hurdle_guarded]+stat_grid_final_component_convolution_mean_coherent_v1",phase8_role_aware_pmf_cal_v1+monotone_inactive_global_v1,phase8_pmf_cal,starter,derived_from_projected_minutes,29.0546,30.7465,0.05,0.9114,0.9114,1,0,0.4122,0.5878,0.2233,0.0756,0.0204,0.0036,0.0006,0.0001,0.0,0.0,0.0,0.0,0.0,0.0,0.0,0.0,0.0,0.0,0.0,0.0,0.0,0.0036,27436.0,-27436.0,morning,2026-05-30T22:47:50Z,6233da92#phase10c,30c4e23e-47a2-4ac0-bf0b-c3c6422ca067,ok,0.0,high,full,current_phase8,fallback_used,projected,derived_from_projected_minutes,bdl_plus_nba_official,2026-05-30T22:46:57Z,projected,not_available_yet,bdl_lineup_freshness_manifest,2026-05-30T21:12:58Z,model_grid
Stephon Castle,1028025261,SAS,OKC,False,21713534,stocks,5.5,5.5,"stat_grid:component_convolution_mean_coherent_v1+components[stl:hurdle_v1+role_aware_pmf_cal_v1:starter+monotone_pit_cdf_v1+sparse_hurdle_guarded,blk:hurdle_v1+role_aware_pmf_cal_v1:starter+monotone_pit_cdf_v1+sparse_hurdle_guarded]+prior_combo[joint_sampler_v1+joint_combo_pmf_v1+role_aware_pmf_cal_v1:starter+monotone_pit_cdf_v1+sparse_hurdle_guarded]+stat_grid_final_component_convolution_mean_coherent_v1",phase8_role_aware_pmf_cal_v1+monotone_inactive_global_v1,phase8_pmf_cal,starter,derived_from_projected_minutes,29.0546,30.7465,0.05,0.9114,0.9114,1,0,0.4122,0.5878,0.2233,0.0756,0.0204,0.0036,0.0006,0.0001,0.0,0.0,0.0,0.0,0.0,0.0,0.0,0.0,0.0,0.0,0.0,0.0,0.0,0.0006,169118.0,-169118.0,morning,2026-05-30T22:47:50Z,6233da92#phase10c,30c4e23e-47a2-4ac0-bf0b-c3c6422ca067,ok,0.0,high,full,current_phase8,fallback_used,projected,derived_from_projected_minutes,bdl_plus_nba_official,2026-05-30T22:46:57Z,projected,not_available_yet,bdl_lineup_freshness_manifest,2026-05-30T21:12:58Z,model_grid
Stephon Castle,1028025261,SAS,OKC,False,21713534,stocks,6.5,6.5,"stat_grid:component_convolution_mean_coherent_v1+components[stl:hurdle_v1+role_aware_pmf_cal_v1:starter+monotone_pit_cdf_v1+sparse_hurdle_guarded,blk:hurdle_v1+role_aware_pmf_cal_v1:starter+monotone_pit_cdf_v1+sparse_hurdle_guarded]+prior_combo[joint_sampler_v1+joint_combo_pmf_v1+role_aware_pmf_cal_v1:starter+monotone_pit_cdf_v1+sparse_hurdle_guarded]+stat_grid_final_component_convolution_mean_coherent_v1",phase8_role_aware_pmf_cal_v1+monotone_inactive_global_v1,phase8_pmf_cal,starter,derived_from_projected_minutes,29.0546,30.7465,0.05,0.9114,0.9114,1,0,0.4122,0.5878,0.2233,0.0756,0.0204,0.0036,0.0006,0.0001,0.0,0.0,0.0,0.0,0.0,0.0,0.0,0.0,0.0,0.0,0.0,0.0,0.0,0.0001,1615908.0,-1615908.0,morning,2026-05-30T22:47:50Z,6233da92#phase10c,30c4e23e-47a2-4ac0-bf0b-c3c6422ca067,ok,0.0,high,full,current_phase8,fallback_used,projected,derived_from_projected_minutes,bdl_plus_nba_official,2026-05-30T22:46:57Z,projected,not_available_yet,bdl_lineup_freshness_manifest,2026-05-30T21:12:58Z,model_grid
Stephon Castle,1028025261,SAS,OKC,False,21713534,stocks,7.5,7.5,"stat_grid:component_convolution_mean_coherent_v1+components[stl:hurdle_v1+role_aware_pmf_cal_v1:starter+monotone_pit_cdf_v1+sparse_hurdle_guarded,blk:hurdle_v1+role_aware_pmf_cal_v1:starter+monotone_pit_cdf_v1+sparse_hurdle_guarded]+prior_combo[joint_sampler_v1+joint_combo_pmf_v1+role_aware_pmf_cal_v1:starter+monotone_pit_cdf_v1+sparse_hurdle_guarded]+stat_grid_final_component_convolution_mean_coherent_v1",phase8_role_aware_pmf_cal_v1+monotone_inactive_global_v1,phase8_pmf_cal,starter,derived_from_projected_minutes,29.0546,30.7465,0.05,0.9114,0.9114,1,0,0.4122,0.5878,0.2233,0.0756,0.0204,0.0036,0.0006,0.0001,0.0,0.0,0.0,0.0,0.0,0.0,0.0,0.0,0.0,0.0,0.0,0.0,0.0,0.0,,,morning,2026-05-30T22:47:50Z,6233da92#phase10c,30c4e23e-47a2-4ac0-bf0b-c3c6422ca067,ok,0.0,high,full,current_phase8,fallback_used,projected,derived_from_projected_minutes,bdl_plus_nba_official,2026-05-30T22:46:57Z,projected,not_available_yet,bdl_lineup_freshness_manifest,2026-05-30T21:12:58Z,model_grid
Stephon Castle,1028025261,SAS,OKC,False,21713534,stocks,8.5,8.5,"stat_grid:component_convolution_mean_coherent_v1+components[stl:hurdle_v1+role_aware_pmf_cal_v1:starter+monotone_pit_cdf_v1+sparse_hurdle_guarded,blk:hurdle_v1+role_aware_pmf_cal_v1:starter+monotone_pit_cdf_v1+sparse_hurdle_guarded]+prior_combo[joint_sampler_v1+joint_combo_pmf_v1+role_aware_pmf_cal_v1:starter+monotone_pit_cdf_v1+sparse_hurdle_guarded]+stat_grid_final_component_convolution_mean_coherent_v1",phase8_role_aware_pmf_cal_v1+monotone_inactive_global_v1,phase8_pmf_cal,starter,derived_from_projected_minutes,29.0546,30.7465,0.05,0.9114,0.9114,1,0,0.4122,0.5878,0.2233,0.0756,0.0204,0.0036,0.0006,0.0001,0.0,0.0,0.0,0.0,0.0,0.0,0.0,0.0,0.0,0.0,0.0,0.0,0.0,0.0,,,morning,2026-05-30T22:47:50Z,6233da92#phase10c,30c4e23e-47a2-4ac0-bf0b-c3c6422ca067,ok,0.0,high,full,current_phase8,fallback_used,projected,derived_from_projected_minutes,bdl_plus_nba_official,2026-05-30T22:46:57Z,projected,not_available_yet,bdl_lineup_freshness_manifest,2026-05-30T21:12:58Z,model_grid
Stephon Castle,1028025261,SAS,OKC,False,21713534,stocks,9.5,9.5,"stat_grid:component_convolution_mean_coherent_v1+components[stl:hurdle_v1+role_aware_pmf_cal_v1:starter+monotone_pit_cdf_v1+sparse_hurdle_guarded,blk:hurdle_v1+role_aware_pmf_cal_v1:starter+monotone_pit_cdf_v1+sparse_hurdle_guarded]+prior_combo[joint_sampler_v1+joint_combo_pmf_v1+role_aware_pmf_cal_v1:starter+monotone_pit_cdf_v1+sparse_hurdle_guarded]+stat_grid_final_component_convolution_mean_coherent_v1",phase8_role_aware_pmf_cal_v1+monotone_inactive_global_v1,phase8_pmf_cal,starter,derived_from_projected_minutes,29.0546,30.7465,0.05,0.9114,0.9114,1,0,0.4122,0.5878,0.2233,0.0756,0.0204,0.0036,0.0006,0.0001,0.0,0.0,0.0,0.0,0.0,0.0,0.0,0.0,0.0,0.0,0.0,0.0,0.0,0.0,,,morning,2026-05-30T22:47:50Z,6233da92#phase10c,30c4e23e-47a2-4ac0-bf0b-c3c6422ca067,ok,0.0,high,full,current_phase8,fallback_used,projected,derived_from_projected_minutes,bdl_plus_nba_official,2026-05-30T22:46:57Z,projected,not_available_yet,bdl_lineup_freshness_manifest,2026-05-30T21:12:58Z,model_grid
Stephon Castle,1028025261,SAS,OKC,False,21713534,stocks,10.5,10.5,"stat_grid:component_convolution_mean_coherent_v1+components[stl:hurdle_v1+role_aware_pmf_cal_v1:starter+monotone_pit_cdf_v1+sparse_hurdle_guarded,blk:hurdle_v1+role_aware_pmf_cal_v1:starter+monotone_pit_cdf_v1+sparse_hurdle_guarded]+prior_combo[joint_sampler_v1+joint_combo_pmf_v1+role_aware_pmf_cal_v1:starter+monotone_pit_cdf_v1+sparse_hurdle_guarded]+stat_grid_final_component_convolution_mean_coherent_v1",phase8_role_aware_pmf_cal_v1+monotone_inactive_global_v1,phase8_pmf_cal,starter,derived_from_projected_minutes,29.0546,30.7465,0.05,0.9114,0.9114,1,0,0.4122,0.5878,0.2233,0.0756,0.0204,0.0036,0.0006,0.0001,0.0,0.0,0.0,0.0,0.0,0.0,0.0,0.0,0.0,0.0,0.0,0.0,0.0,0.0,,,morning,2026-05-30T22:47:50Z,6233da92#phase10c,30c4e23e-47a2-4ac0-bf0b-c3c6422ca067,ok,0.0,high,full,current_phase8,fallback_used,projected,derived_from_projected_minutes,bdl_plus_nba_official,2026-05-30T22:46:57Z,projected,not_available_yet,bdl_lineup_freshness_manifest,2026-05-30T21:12:58Z,model_grid
Stephon Castle,1028025261,SAS,OKC,False,21713534,stocks,11.5,11.5,"stat_grid:component_convolution_mean_coherent_v1+components[stl:hurdle_v1+role_aware_pmf_cal_v1:starter+monotone_pit_cdf_v1+sparse_hurdle_guarded,blk:hurdle_v1+role_aware_pmf_cal_v1:starter+monotone_pit_cdf_v1+sparse_hurdle_guarded]+prior_combo[joint_sampler_v1+joint_combo_pmf_v1+role_aware_pmf_cal_v1:starter+monotone_pit_cdf_v1+sparse_hurdle_guarded]+stat_grid_final_component_convolution_mean_coherent_v1",phase8_role_aware_pmf_cal_v1+monotone_inactive_global_v1,phase8_pmf_cal,starter,derived_from_projected_minutes,29.0546,30.7465,0.05,0.9114,0.9114,1,0,0.4122,0.5878,0.2233,0.0756,0.0204,0.0036,0.0006,0.0001,0.0,0.0,0.0,0.0,0.0,0.0,0.0,0.0,0.0,0.0,0.0,0.0,0.0,0.0,,,morning,2026-05-30T22:47:50Z,6233da92#phase10c,30c4e23e-47a2-4ac0-bf0b-c3c6422ca067,ok,0.0,high,full,current_phase8,fallback_used,projected,derived_from_projected_minutes,bdl_plus_nba_official,2026-05-30T22:46:57Z,projected,not_available_yet,bdl_lineup_freshness_manifest,2026-05-30T21:12:58Z,model_grid
Stephon Castle,1028025261,SAS,OKC,False,21713534,stocks,12.5,12.5,"stat_grid:component_convolution_mean_coherent_v1+components[stl:hurdle_v1+role_aware_pmf_cal_v1:starter+monotone_pit_cdf_v1+sparse_hurdle_guarded,blk:hurdle_v1+role_aware_pmf_cal_v1:starter+monotone_pit_cdf_v1+sparse_hurdle_guarded]+prior_combo[joint_sampler_v1+joint_combo_pmf_v1+role_aware_pmf_cal_v1:starter+monotone_pit_cdf_v1+sparse_hurdle_guarded]+stat_grid_final_component_convolution_mean_coherent_v1",phase8_role_aware_pmf_cal_v1+monotone_inactive_global_v1,phase8_pmf_cal,starter,derived_from_projected_minutes,29.0546,30.7465,0.05,0.9114,0.9114,1,0,0.4122,0.5878,0.2233,0.0756,0.0204,0.0036,0.0006,0.0001,0.0,0.0,0.0,0.0,0.0,0.0,0.0,0.0,0.0,0.0,0.0,0.0,0.0,0.0,,,morning,2026-05-30T22:47:50Z,6233da92#phase10c,30c4e23e-47a2-4ac0-bf0b-c3c6422ca067,ok,0.0,high,full,current_phase8,fallback_used,projected,derived_from_projected_minutes,bdl_plus_nba_official,2026-05-30T22:46:57Z,projected,not_available_yet,bdl_lineup_freshness_manifest,2026-05-30T21:12:58Z,model_grid
Stephon Castle,1028025261,SAS,OKC,False,21713534,stocks,13.5,13.5,"stat_grid:component_convolution_mean_coherent_v1+components[stl:hurdle_v1+role_aware_pmf_cal_v1:starter+monotone_pit_cdf_v1+sparse_hurdle_guarded,blk:hurdle_v1+role_aware_pmf_cal_v1:starter+monotone_pit_cdf_v1+sparse_hurdle_guarded]+prior_combo[joint_sampler_v1+joint_combo_pmf_v1+role_aware_pmf_cal_v1:starter+monotone_pit_cdf_v1+sparse_hurdle_guarded]+stat_grid_final_component_convolution_mean_coherent_v1",phase8_role_aware_pmf_cal_v1+monotone_inactive_global_v1,phase8_pmf_cal,starter,derived_from_projected_minutes,29.0546,30.7465,0.05,0.9114,0.9114,1,0,0.4122,0.5878,0.2233,0.0756,0.0204,0.0036,0.0006,0.0001,0.0,0.0,0.0,0.0,0.0,0.0,0.0,0.0,0.0,0.0,0.0,0.0,0.0,0.0,,,morning,2026-05-30T22:47:50Z,6233da92#phase10c,30c4e23e-47a2-4ac0-bf0b-c3c6422ca067,ok,0.0,high,full,current_phase8,fallback_used,projected,derived_from_projected_minutes,bdl_plus_nba_official,2026-05-30T22:46:57Z,projected,not_available_yet,bdl_lineup_freshness_manifest,2026-05-30T21:12:58Z,model_grid
Stephon Castle,1028025261,SAS,OKC,False,21713534,stocks,14.5,14.5,"stat_grid:component_convolution_mean_coherent_v1+components[stl:hurdle_v1+role_aware_pmf_cal_v1:starter+monotone_pit_cdf_v1+sparse_hurdle_guarded,blk:hurdle_v1+role_aware_pmf_cal_v1:starter+monotone_pit_cdf_v1+sparse_hurdle_guarded]+prior_combo[joint_sampler_v1+joint_combo_pmf_v1+role_aware_pmf_cal_v1:starter+monotone_pit_cdf_v1+sparse_hurdle_guarded]+stat_grid_final_component_convolution_mean_coherent_v1",phase8_role_aware_pmf_cal_v1+monotone_inactive_global_v1,phase8_pmf_cal,starter,derived_from_projected_minutes,29.0546,30.7465,0.05,0.9114,0.9114,1,0,0.4122,0.5878,0.2233,0.0756,0.0204,0.0036,0.0006,0.0001,0.0,0.0,0.0,0.0,0.0,0.0,0.0,0.0,0.0,0.0,0.0,0.0,0.0,0.0,,,morning,2026-05-30T22:47:50Z,6233da92#phase10c,30c4e23e-47a2-4ac0-bf0b-c3c6422ca067,ok,0.0,high,full,current_phase8,fallback_used,projected,derived_from_projected_minutes,bdl_plus_nba_official,2026-05-30T22:46:57Z,projected,not_available_yet,bdl_lineup_freshness_manifest,2026-05-30T21:12:58Z,model_grid
Stephon Castle,1028025261,SAS,OKC,False,21713534,stocks,15.5,15.5,"stat_grid:component_convolution_mean_coherent_v1+components[stl:hurdle_v1+role_aware_pmf_cal_v1:starter+monotone_pit_cdf_v1+sparse_hurdle_guarded,blk:hurdle_v1+role_aware_pmf_cal_v1:starter+monotone_pit_cdf_v1+sparse_hurdle_guarded]+prior_combo[joint_sampler_v1+joint_combo_pmf_v1+role_aware_pmf_cal_v1:starter+monotone_pit_cdf_v1+sparse_hurdle_guarded]+stat_grid_final_component_convolution_mean_coherent_v1",phase8_role_aware_pmf_cal_v1+monotone_inactive_global_v1,phase8_pmf_cal,starter,derived_from_projected_minutes,29.0546,30.7465,0.05,0.9114,0.9114,1,0,0.4122,0.5878,0.2233,0.0756,0.0204,0.0036,0.0006,0.0001,0.0,0.0,0.0,0.0,0.0,0.0,0.0,0.0,0.0,0.0,0.0,0.0,0.0,0.0,,,morning,2026-05-30T22:47:50Z,6233da92#phase10c,30c4e23e-47a2-4ac0-bf0b-c3c6422ca067,ok,0.0,high,full,current_phase8,fallback_used,projected,derived_from_projected_minutes,bdl_plus_nba_official,2026-05-30T22:46:57Z,projected,not_available_yet,bdl_lineup_freshness_manifest,2026-05-30T21:12:58Z,model_grid
Stephon Castle,1028025261,SAS,OKC,False,21713534,stocks,16.5,16.5,"stat_grid:component_convolution_mean_coherent_v1+components[stl:hurdle_v1+role_aware_pmf_cal_v1:starter+monotone_pit_cdf_v1+sparse_hurdle_guarded,blk:hurdle_v1+role_aware_pmf_cal_v1:starter+monotone_pit_cdf_v1+sparse_hurdle_guarded]+prior_combo[joint_sampler_v1+joint_combo_pmf_v1+role_aware_pmf_cal_v1:starter+monotone_pit_cdf_v1+sparse_hurdle_guarded]+stat_grid_final_component_convolution_mean_coherent_v1",phase8_role_aware_pmf_cal_v1+monotone_inactive_global_v1,phase8_pmf_cal,starter,derived_from_projected_minutes,29.0546,30.7465,0.05,0.9114,0.9114,1,0,0.4122,0.5878,0.2233,0.0756,0.0204,0.0036,0.0006,0.0001,0.0,0.0,0.0,0.0,0.0,0.0,0.0,0.0,0.0,0.0,0.0,0.0,0.0,0.0,,,morning,2026-05-30T22:47:50Z,6233da92#phase10c,30c4e23e-47a2-4ac0-bf0b-c3c6422ca067,ok,0.0,high,full,current_phase8,fallback_used,projected,derived_from_projected_minutes,bdl_plus_nba_official,2026-05-30T22:46:57Z,projected,not_available_yet,bdl_lineup_freshness_manifest,2026-05-30T21:12:58Z,model_grid
Stephon Castle,1028025261,SAS,OKC,False,21713534,stocks,17.5,17.5,"stat_grid:component_convolution_mean_coherent_v1+components[stl:hurdle_v1+role_aware_pmf_cal_v1:starter+monotone_pit_cdf_v1+sparse_hurdle_guarded,blk:hurdle_v1+role_aware_pmf_cal_v1:starter+monotone_pit_cdf_v1+sparse_hurdle_guarded]+prior_combo[joint_sampler_v1+joint_combo_pmf_v1+role_aware_pmf_cal_v1:starter+monotone_pit_cdf_v1+sparse_hurdle_guarded]+stat_grid_final_component_convolution_mean_coherent_v1",phase8_role_aware_pmf_cal_v1+monotone_inactive_global_v1,phase8_pmf_cal,starter,derived_from_projected_minutes,29.0546,30.7465,0.05,0.9114,0.9114,1,0,0.4122,0.5878,0.2233,0.0756,0.0204,0.0036,0.0006,0.0001,0.0,0.0,0.0,0.0,0.0,0.0,0.0,0.0,0.0,0.0,0.0,0.0,0.0,0.0,,,morning,2026-05-30T22:47:50Z,6233da92#phase10c,30c4e23e-47a2-4ac0-bf0b-c3c6422ca067,ok,0.0,high,full,current_phase8,fallback_used,projected,derived_from_projected_minutes,bdl_plus_nba_official,2026-05-30T22:46:57Z,projected,not_available_yet,bdl_lineup_freshness_manifest,2026-05-30T21:12:58Z,model_grid
Stephon Castle,1028025261,SAS,OKC,False,21713534,stocks,18.5,18.5,"stat_grid:component_convolution_mean_coherent_v1+components[stl:hurdle_v1+role_aware_pmf_cal_v1:starter+monotone_pit_cdf_v1+sparse_hurdle_guarded,blk:hurdle_v1+role_aware_pmf_cal_v1:starter+monotone_pit_cdf_v1+sparse_hurdle_guarded]+prior_combo[joint_sampler_v1+joint_combo_pmf_v1+role_aware_pmf_cal_v1:starter+monotone_pit_cdf_v1+sparse_hurdle_guarded]+stat_grid_final_component_convolution_mean_coherent_v1",phase8_role_aware_pmf_cal_v1+monotone_inactive_global_v1,phase8_pmf_cal,starter,derived_from_projected_minutes,29.0546,30.7465,0.05,0.9114,0.9114,1,0,0.4122,0.5878,0.2233,0.0756,0.0204,0.0036,0.0006,0.0001,0.0,0.0,0.0,0.0,0.0,0.0,0.0,0.0,0.0,0.0,0.0,0.0,0.0,0.0,,,morning,2026-05-30T22:47:50Z,6233da92#phase10c,30c4e23e-47a2-4ac0-bf0b-c3c6422ca067,ok,0.0,high,full,current_phase8,fallback_used,projected,derived_from_projected_minutes,bdl_plus_nba_official,2026-05-30T22:46:57Z,projected,not_available_yet,bdl_lineup_freshness_manifest,2026-05-30T21:12:58Z,model_grid
Stephon Castle,1028025261,SAS,OKC,False,21713534,stocks,19.5,19.5,"stat_grid:component_convolution_mean_coherent_v1+components[stl:hurdle_v1+role_aware_pmf_cal_v1:starter+monotone_pit_cdf_v1+sparse_hurdle_guarded,blk:hurdle_v1+role_aware_pmf_cal_v1:starter+monotone_pit_cdf_v1+sparse_hurdle_guarded]+prior_combo[joint_sampler_v1+joint_combo_pmf_v1+role_aware_pmf_cal_v1:starter+monotone_pit_cdf_v1+sparse_hurdle_guarded]+stat_grid_final_component_convolution_mean_coherent_v1",phase8_role_aware_pmf_cal_v1+monotone_inactive_global_v1,phase8_pmf_cal,starter,derived_from_projected_minutes,29.0546,30.7465,0.05,0.9114,0.9114,1,0,0.4122,0.5878,0.2233,0.0756,0.0204,0.0036,0.0006,0.0001,0.0,0.0,0.0,0.0,0.0,0.0,0.0,0.0,0.0,0.0,0.0,0.0,0.0,0.0,,,morning,2026-05-30T22:47:50Z,6233da92#phase10c,30c4e23e-47a2-4ac0-bf0b-c3c6422ca067,ok,0.0,high,full,current_phase8,fallback_used,projected,derived_from_projected_minutes,bdl_plus_nba_official,2026-05-30T22:46:57Z,projected,not_available_yet,bdl_lineup_freshness_manifest,2026-05-30T21:12:58Z,model_grid
Stephon Castle,1028025261,SAS,OKC,False,21713534,pa,0.5,0.5,"stat_grid:component_convolution_mean_coherent_v1+components[pts:pmf_sim_v1+role_aware_pmf_cal_v1:starter+monotone_pit_cdf_v1,ast:pmf_sim_v1+role_aware_pmf_cal_v1:starter+monotone_pit_cdf_v1]+prior_combo[joint_sampler_v1+joint_combo_pmf_v1+role_aware_pmf_cal_v1:starter+monotone_pit_cdf_v1]+stat_grid_final_component_convolution_mean_coherent_v1",phase8_role_aware_pmf_cal_v1+monotone_inactive_global_v1,phase8_pmf_cal,starter,derived_from_projected_minutes,29.0546,30.7465,0.05,25.6295,25.6295,25,25,0.0,1.0,1.0,1.0,0.9999,0.9998,0.9995,0.999,0.9983,0.9971,0.9954,0.9928,0.9889,0.983,0.9745,0.9628,0.9472,0.9276,0.9033,0.8736,0.8377,1.0,-16642824.0,16642824.0,morning,2026-05-30T22:47:50Z,6233da92#phase10c,30c4e23e-47a2-4ac0-bf0b-c3c6422ca067,ok,0.0,high,full,current_phase8,fallback_used,projected,derived_from_projected_minutes,bdl_plus_nba_official,2026-05-30T22:46:57Z,projected,not_available_yet,bdl_lineup_freshness_manifest,2026-05-30T21:12:58Z,model_grid
Stephon Castle,1028025261,SAS,OKC,False,21713534,pa,1.5,1.5,"stat_grid:component_convolution_mean_coherent_v1+components[pts:pmf_sim_v1+role_aware_pmf_cal_v1:starter+monotone_pit_cdf_v1,ast:pmf_sim_v1+role_aware_pmf_cal_v1:starter+monotone_pit_cdf_v1]+prior_combo[joint_sampler_v1+joint_combo_pmf_v1+role_aware_pmf_cal_v1:starter+monotone_pit_cdf_v1]+stat_grid_final_component_convolution_mean_coherent_v1",phase8_role_aware_pmf_cal_v1+monotone_inactive_global_v1,phase8_pmf_cal,starter,derived_from_projected_minutes,29.0546,30.7465,0.05,25.6295,25.6295,25,25,0.0,1.0,1.0,1.0,0.9999,0.9998,0.9995,0.999,0.9983,0.9971,0.9954,0.9928,0.9889,0.983,0.9745,0.9628,0.9472,0.9276,0.9033,0.8736,0.8377,1.0,-9483725.0,9483725.0,morning,2026-05-30T22:47:50Z,6233da92#phase10c,30c4e23e-47a2-4ac0-bf0b-c3c6422ca067,ok,0.0,high,full,current_phase8,fallback_used,projected,derived_from_projected_minutes,bdl_plus_nba_official,2026-05-30T22:46:57Z,projected,not_available_yet,bdl_lineup_freshness_manifest,2026-05-30T21:12:58Z,model_grid
Stephon Castle,1028025261,SAS,OKC,False,21713534,pa,2.5,2.5,"stat_grid:component_convolution_mean_coherent_v1+components[pts:pmf_sim_v1+role_aware_pmf_cal_v1:starter+monotone_pit_cdf_v1,ast:pmf_sim_v1+role_aware_pmf_cal_v1:starter+monotone_pit_cdf_v1]+prior_combo[joint_sampler_v1+joint_combo_pmf_v1+role_aware_pmf_cal_v1:starter+monotone_pit_cdf_v1]+stat_grid_final_component_convolution_mean_coherent_v1",phase8_role_aware_pmf_cal_v1+monotone_inactive_global_v1,phase8_pmf_cal,starter,derived_from_projected_minutes,29.0546,30.7465,0.05,25.6295,25.6295,25,25,0.0,1.0,1.0,1.0,0.9999,0.9998,0.9995,0.999,0.9983,0.9971,0.9954,0.9928,0.9889,0.983,0.9745,0.9628,0.9472,0.9276,0.9033,0.8736,0.8377,1.0,-3446838.0,3446838.0,morning,2026-05-30T22:47:50Z,6233da92#phase10c,30c4e23e-47a2-4ac0-bf0b-c3c6422ca067,ok,0.0,high,full,current_phase8,fallback_used,projected,derived_from_projected_minutes,bdl_plus_nba_official,2026-05-30T22:46:57Z,projected,not_available_yet,bdl_lineup_freshness_manifest,2026-05-30T21:12:58Z,model_grid
Stephon Castle,1028025261,SAS,OKC,False,21713534,pa,3.5,3.5,"stat_grid:component_convolution_mean_coherent_v1+components[pts:pmf_sim_v1+role_aware_pmf_cal_v1:starter+monotone_pit_cdf_v1,ast:pmf_sim_v1+role_aware_pmf_cal_v1:starter+monotone_pit_cdf_v1]+prior_combo[joint_sampler_v1+joint_combo_pmf_v1+role_aware_pmf_cal_v1:starter+monotone_pit_cdf_v1]+stat_grid_final_component_convolution_mean_coherent_v1",phase8_role_aware_pmf_cal_v1+monotone_inactive_global_v1,phase8_pmf_cal,starter,derived_from_projected_minutes,29.0546,30.7465,0.05,25.6295,25.6295,25,25,0.0,1.0,1.0,1.0,0.9999,0.9998,0.9995,0.999,0.9983,0.9971,0.9954,0.9928,0.9889,0.983,0.9745,0.9628,0.9472,0.9276,0.9033,0.8736,0.8377,0.9999,-1220858.0,1220858.0,morning,2026-05-30T22:47:50Z,6233da92#phase10c,30c4e23e-47a2-4ac0-bf0b-c3c6422ca067,ok,0.0,high,full,current_phase8,fallback_used,projected,derived_from_projected_minutes,bdl_plus_nba_official,2026-05-30T22:46:57Z,projected,not_available_yet,bdl_lineup_freshness_manifest,2026-05-30T21:12:58Z,model_grid
Stephon Castle,1028025261,SAS,OKC,False,21713534,pa,4.5,4.5,"stat_grid:component_convolution_mean_coherent_v1+components[pts:pmf_sim_v1+role_aware_pmf_cal_v1:starter+monotone_pit_cdf_v1,ast:pmf_sim_v1+role_aware_pmf_cal_v1:starter+monotone_pit_cdf_v1]+prior_combo[joint_sampler_v1+joint_combo_pmf_v1+role_aware_pmf_cal_v1:starter+monotone_pit_cdf_v1]+stat_grid_final_component_convolution_mean_coherent_v1",phase8_role_aware_pmf_cal_v1+monotone_inactive_global_v1,phase8_pmf_cal,starter,derived_from_projected_minutes,29.0546,30.7465,0.05,25.6295,25.6295,25,25,0.0,1.0,1.0,1.0,0.9999,0.9998,0.9995,0.999,0.9983,0.9971,0.9954,0.9928,0.9889,0.983,0.9745,0.9628,0.9472,0.9276,0.9033,0.8736,0.8377,0.9998,-483323.0,483323.0,morning,2026-05-30T22:47:50Z,6233da92#phase10c,30c4e23e-47a2-4ac0-bf0b-c3c6422ca067,ok,0.0,high,full,current_phase8,fallback_used,projected,derived_from_projected_minutes,bdl_plus_nba_official,2026-05-30T22:46:57Z,projected,not_available_yet,bdl_lineup_freshness_manifest,2026-05-30T21:12:58Z,model_grid
Stephon Castle,1028025261,SAS,OKC,False,21713534,pa,5.5,5.5,"stat_grid:component_convolution_mean_coherent_v1+components[pts:pmf_sim_v1+role_aware_pmf_cal_v1:starter+monotone_pit_cdf_v1,ast:pmf_sim_v1+role_aware_pmf_cal_v1:starter+monotone_pit_cdf_v1]+prior_combo[joint_sampler_v1+joint_combo_pmf_v1+role_aware_pmf_cal_v1:starter+monotone_pit_cdf_v1]+stat_grid_final_component_convolution_mean_coherent_v1",phase8_role_aware_pmf_cal_v1+monotone_inactive_global_v1,phase8_pmf_cal,starter,derived_from_projected_minutes,29.0546,30.7465,0.05,25.6295,25.6295,25,25,0.0,1.0,1.0,1.0,0.9999,0.9998,0.9995,0.999,0.9983,0.9971,0.9954,0.9928,0.9889,0.983,0.9745,0.9628,0.9472,0.9276,0.9033,0.8736,0.8377,0.9995,-203152.0,203152.0,morning,2026-05-30T22:47:50Z,6233da92#phase10c,30c4e23e-47a2-4ac0-bf0b-c3c6422ca067,ok,0.0,high,full,current_phase8,fallback_used,projected,derived_from_projected_minutes,bdl_plus_nba_official,2026-05-30T22:46:57Z,projected,not_available_yet,bdl_lineup_freshness_manifest,2026-05-30T21:12:58Z,model_grid
Stephon Castle,1028025261,SAS,OKC,False,21713534,pa,6.5,6.5,"stat_grid:component_convolution_mean_coherent_v1+components[pts:pmf_sim_v1+role_aware_pmf_cal_v1:starter+monotone_pit_cdf_v1,ast:pmf_sim_v1+role_aware_pmf_cal_v1:starter+monotone_pit_cdf_v1]+prior_combo[joint_sampler_v1+joint_combo_pmf_v1+role_aware_pmf_cal_v1:starter+monotone_pit_cdf_v1]+stat_grid_final_component_convolution_mean_coherent_v1",phase8_role_aware_pmf_cal_v1+monotone_inactive_global_v1,phase8_pmf_cal,starter,derived_from_projected_minutes,29.0546,30.7465,0.05,25.6295,25.6295,25,25,0.0,1.0,1.0,1.0,0.9999,0.9998,0.9995,0.999,0.9983,0.9971,0.9954,0.9928,0.9889,0.983,0.9745,0.9628,0.9472,0.9276,0.9033,0.8736,0.8377,0.999,-104419.0,104419.0,morning,2026-05-30T22:47:50Z,6233da92#phase10c,30c4e23e-47a2-4ac0-bf0b-c3c6422ca067,ok,0.0,high,full,current_phase8,fallback_used,projected,derived_from_projected_minutes,bdl_plus_nba_official,2026-05-30T22:46:57Z,projected,not_available_yet,bdl_lineup_freshness_manifest,2026-05-30T21:12:58Z,model_grid
Stephon Castle,1028025261,SAS,OKC,False,21713534,pa,7.5,7.5,"stat_grid:component_convolution_mean_coherent_v1+components[pts:pmf_sim_v1+role_aware_pmf_cal_v1:starter+monotone_pit_cdf_v1,ast:pmf_sim_v1+role_aware_pmf_cal_v1:starter+monotone_pit_cdf_v1]+prior_combo[joint_sampler_v1+joint_combo_pmf_v1+role_aware_pmf_cal_v1:starter+monotone_pit_cdf_v1]+stat_grid_final_component_convolution_mean_coherent_v1",phase8_role_aware_pmf_cal_v1+monotone_inactive_global_v1,phase8_pmf_cal,starter,derived_from_projected_minutes,29.0546,30.7465,0.05,25.6295,25.6295,25,25,0.0,1.0,1.0,1.0,0.9999,0.9998,0.9995,0.999,0.9983,0.9971,0.9954,0.9928,0.9889,0.983,0.9745,0.9628,0.9472,0.9276,0.9033,0.8736,0.8377,0.9983,-58907.0,58907.0,morning,2026-05-30T22:47:50Z,6233da92#phase10c,30c4e23e-47a2-4ac0-bf0b-c3c6422ca067,ok,0.0,high,full,current_phase8,fallback_used,projected,derived_from_projected_minutes,bdl_plus_nba_official,2026-05-30T22:46:57Z,projected,not_available_yet,bdl_lineup_freshness_manifest,2026-05-30T21:12:58Z,model_grid
Stephon Castle,1028025261,SAS,OKC,False,21713534,pa,8.5,8.5,"stat_grid:component_convolution_mean_coherent_v1+components[pts:pmf_sim_v1+role_aware_pmf_cal_v1:starter+monotone_pit_cdf_v1,ast:pmf_sim_v1+role_aware_pmf_cal_v1:starter+monotone_pit_cdf_v1]+prior_combo[joint_sampler_v1+joint_combo_pmf_v1+role_aware_pmf_cal_v1:starter+monotone_pit_cdf_v1]+stat_grid_final_component_convolution_mean_coherent_v1",phase8_role_aware_pmf_cal_v1+monotone_inactive_global_v1,phase8_pmf_cal,starter,derived_from_projected_minutes,29.0546,30.7465,0.05,25.6295,25.6295,25,25,0.0,1.0,1.0,1.0,0.9999,0.9998,0.9995,0.999,0.9983,0.9971,0.9954,0.9928,0.9889,0.983,0.9745,0.9628,0.9472,0.9276,0.9033,0.8736,0.8377,0.9971,-34526.0,34526.0,morning,2026-05-30T22:47:50Z,6233da92#phase10c,30c4e23e-47a2-4ac0-bf0b-c3c6422ca067,ok,0.0,high,full,current_phase8,fallback_used,projected,derived_from_projected_minutes,bdl_plus_nba_official,2026-05-30T22:46:57Z,projected,not_available_yet,bdl_lineup_freshness_manifest,2026-05-30T21:12:58Z,model_grid
Stephon Castle,1028025261,SAS,OKC,False,21713534,pa,9.5,9.5,"stat_grid:component_convolution_mean_coherent_v1+components[pts:pmf_sim_v1+role_aware_pmf_cal_v1:starter+monotone_pit_cdf_v1,ast:pmf_sim_v1+role_aware_pmf_cal_v1:starter+monotone_pit_cdf_v1]+prior_combo[joint_sampler_v1+joint_combo_pmf_v1+role_aware_pmf_cal_v1:starter+monotone_pit_cdf_v1]+stat_grid_final_component_convolution_mean_coherent_v1",phase8_role_aware_pmf_cal_v1+monotone_inactive_global_v1,phase8_pmf_cal,starter,derived_from_projected_minutes,29.0546,30.7465,0.05,25.6295,25.6295,25,25,0.0,1.0,1.0,1.0,0.9999,0.9998,0.9995,0.999,0.9983,0.9971,0.9954,0.9928,0.9889,0.983,0.9745,0.9628,0.9472,0.9276,0.9033,0.8736,0.8377,0.9954,-21644.0,21644.0,morning,2026-05-30T22:47:50Z,6233da92#phase10c,30c4e23e-47a2-4ac0-bf0b-c3c6422ca067,ok,0.0,high,full,current_phase8,fallback_used,projected,derived_from_projected_minutes,bdl_plus_nba_official,2026-05-30T22:46:57Z,projected,not_available_yet,bdl_lineup_freshness_manifest,2026-05-30T21:12:58Z,model_grid
Stephon Castle,1028025261,SAS,OKC,False,21713534,pa,10.5,10.5,"stat_grid:component_convolution_mean_coherent_v1+components[pts:pmf_sim_v1+role_aware_pmf_cal_v1:starter+monotone_pit_cdf_v1,ast:pmf_sim_v1+role_aware_pmf_cal_v1:starter+monotone_pit_cdf_v1]+prior_combo[joint_sampler_v1+joint_combo_pmf_v1+role_aware_pmf_cal_v1:starter+monotone_pit_cdf_v1]+stat_grid_final_component_convolution_mean_coherent_v1",phase8_role_aware_pmf_cal_v1+monotone_inactive_global_v1,phase8_pmf_cal,starter,derived_from_projected_minutes,29.0546,30.7465,0.05,25.6295,25.6295,25,25,0.0,1.0,1.0,1.0,0.9999,0.9998,0.9995,0.999,0.9983,0.9971,0.9954,0.9928,0.9889,0.983,0.9745,0.9628,0.9472,0.9276,0.9033,0.8736,0.8377,0.9928,-13825.0,13825.0,morning,2026-05-30T22:47:50Z,6233da92#phase10c,30c4e23e-47a2-4ac0-bf0b-c3c6422ca067,ok,0.0,high,full,current_phase8,fallback_used,projected,derived_from_projected_minutes,bdl_plus_nba_official,2026-05-30T22:46:57Z,projected,not_available_yet,bdl_lineup_freshness_manifest,2026-05-30T21:12:58Z,model_grid
Stephon Castle,1028025261,SAS,OKC,False,21713534,pa,11.5,11.5,"stat_grid:component_convolution_mean_coherent_v1+components[pts:pmf_sim_v1+role_aware_pmf_cal_v1:starter+monotone_pit_cdf_v1,ast:pmf_sim_v1+role_aware_pmf_cal_v1:starter+monotone_pit_cdf_v1]+prior_combo[joint_sampler_v1+joint_combo_pmf_v1+role_aware_pmf_cal_v1:starter+monotone_pit_cdf_v1]+stat_grid_final_component_convolution_mean_coherent_v1",phase8_role_aware_pmf_cal_v1+monotone_inactive_global_v1,phase8_pmf_cal,starter,derived_from_projected_minutes,29.0546,30.7465,0.05,25.6295,25.6295,25,25,0.0,1.0,1.0,1.0,0.9999,0.9998,0.9995,0.999,0.9983,0.9971,0.9954,0.9928,0.9889,0.983,0.9745,0.9628,0.9472,0.9276,0.9033,0.8736,0.8377,0.9889,-8915.0,8915.0,morning,2026-05-30T22:47:50Z,6233da92#phase10c,30c4e23e-47a2-4ac0-bf0b-c3c6422ca067,ok,0.0,high,full,current_phase8,fallback_used,projected,derived_from_projected_minutes,bdl_plus_nba_official,2026-05-30T22:46:57Z,projected,not_available_yet,bdl_lineup_freshness_manifest,2026-05-30T21:12:58Z,model_grid
Stephon Castle,1028025261,SAS,OKC,False,21713534,pa,12.5,12.5,"stat_grid:component_convolution_mean_coherent_v1+components[pts:pmf_sim_v1+role_aware_pmf_cal_v1:starter+monotone_pit_cdf_v1,ast:pmf_sim_v1+role_aware_pmf_cal_v1:starter+monotone_pit_cdf_v1]+prior_combo[joint_sampler_v1+joint_combo_pmf_v1+role_aware_pmf_cal_v1:starter+monotone_pit_cdf_v1]+stat_grid_final_component_convolution_mean_coherent_v1",phase8_role_aware_pmf_cal_v1+monotone_inactive_global_v1,phase8_pmf_cal,starter,derived_from_projected_minutes,29.0546,30.7465,0.05,25.6295,25.6295,25,25,0.0,1.0,1.0,1.0,0.9999,0.9998,0.9995,0.999,0.9983,0.9971,0.9954,0.9928,0.9889,0.983,0.9745,0.9628,0.9472,0.9276,0.9033,0.8736,0.8377,0.983,-5780.0,5780.0,morning,2026-05-30T22:47:50Z,6233da92#phase10c,30c4e23e-47a2-4ac0-bf0b-c3c6422ca067,ok,0.0,high,full,current_phase8,fallback_used,projected,derived_from_projected_minutes,bdl_plus_nba_official,2026-05-30T22:46:57Z,projected,not_available_yet,bdl_lineup_freshness_manifest,2026-05-30T21:12:58Z,model_grid
Stephon Castle,1028025261,SAS,OKC,False,21713534,pa,13.5,13.5,"stat_grid:component_convolution_mean_coherent_v1+components[pts:pmf_sim_v1+role_aware_pmf_cal_v1:starter+monotone_pit_cdf_v1,ast:pmf_sim_v1+role_aware_pmf_cal_v1:starter+monotone_pit_cdf_v1]+prior_combo[joint_sampler_v1+joint_combo_pmf_v1+role_aware_pmf_cal_v1:starter+monotone_pit_cdf_v1]+stat_grid_final_component_convolution_mean_coherent_v1",phase8_role_aware_pmf_cal_v1+monotone_inactive_global_v1,phase8_pmf_cal,starter,derived_from_projected_minutes,29.0546,30.7465,0.05,25.6295,25.6295,25,25,0.0,1.0,1.0,1.0,0.9999,0.9998,0.9995,0.999,0.9983,0.9971,0.9954,0.9928,0.9889,0.983,0.9745,0.9628,0.9472,0.9276,0.9033,0.8736,0.8377,0.9745,-3827.0,3827.0,morning,2026-05-30T22:47:50Z,6233da92#phase10c,30c4e23e-47a2-4ac0-bf0b-c3c6422ca067,ok,0.0,high,full,current_phase8,fallback_used,projected,derived_from_projected_minutes,bdl_plus_nba_official,2026-05-30T22:46:57Z,projected,not_available_yet,bdl_lineup_freshness_manifest,2026-05-30T21:12:58Z,model_grid
Stephon Castle,1028025261,SAS,OKC,False,21713534,pa,14.5,14.5,"stat_grid:component_convolution_mean_coherent_v1+components[pts:pmf_sim_v1+role_aware_pmf_cal_v1:starter+monotone_pit_cdf_v1,ast:pmf_sim_v1+role_aware_pmf_cal_v1:starter+monotone_pit_cdf_v1]+prior_combo[joint_sampler_v1+joint_combo_pmf_v1+role_aware_pmf_cal_v1:starter+monotone_pit_cdf_v1]+stat_grid_final_component_convolution_mean_coherent_v1",phase8_role_aware_pmf_cal_v1+monotone_inactive_global_v1,phase8_pmf_cal,starter,derived_from_projected_minutes,29.0546,30.7465,0.05,25.6295,25.6295,25,25,0.0,1.0,1.0,1.0,0.9999,0.9998,0.9995,0.999,0.9983,0.9971,0.9954,0.9928,0.9889,0.983,0.9745,0.9628,0.9472,0.9276,0.9033,0.8736,0.8377,0.9628,-2587.0,2587.0,morning,2026-05-30T22:47:50Z,6233da92#phase10c,30c4e23e-47a2-4ac0-bf0b-c3c6422ca067,ok,0.0,high,full,current_phase8,fallback_used,projected,derived_from_projected_minutes,bdl_plus_nba_official,2026-05-30T22:46:57Z,projected,not_available_yet,bdl_lineup_freshness_manifest,2026-05-30T21:12:58Z,model_grid
Stephon Castle,1028025261,SAS,OKC,False,21713534,pa,15.5,15.5,"stat_grid:component_convolution_mean_coherent_v1+components[pts:pmf_sim_v1+role_aware_pmf_cal_v1:starter+monotone_pit_cdf_v1,ast:pmf_sim_v1+role_aware_pmf_cal_v1:starter+monotone_pit_cdf_v1]+prior_combo[joint_sampler_v1+joint_combo_pmf_v1+role_aware_pmf_cal_v1:starter+monotone_pit_cdf_v1]+stat_grid_final_component_convolution_mean_coherent_v1",phase8_role_aware_pmf_cal_v1+monotone_inactive_global_v1,phase8_pmf_cal,starter,derived_from_projected_minutes,29.0546,30.7465,0.05,25.6295,25.6295,25,25,0.0,1.0,1.0,1.0,0.9999,0.9998,0.9995,0.999,0.9983,0.9971,0.9954,0.9928,0.9889,0.983,0.9745,0.9628,0.9472,0.9276,0.9033,0.8736,0.8377,0.9472,-1795.0,1795.0,morning,2026-05-30T22:47:50Z,6233da92#phase10c,30c4e23e-47a2-4ac0-bf0b-c3c6422ca067,ok,0.0,high,full,current_phase8,fallback_used,projected,derived_from_projected_minutes,bdl_plus_nba_official,2026-05-30T22:46:57Z,projected,not_available_yet,bdl_lineup_freshness_manifest,2026-05-30T21:12:58Z,model_grid
Stephon Castle,1028025261,SAS,OKC,False,21713534,pa,16.5,16.5,"stat_grid:component_convolution_mean_coherent_v1+components[pts:pmf_sim_v1+role_aware_pmf_cal_v1:starter+monotone_pit_cdf_v1,ast:pmf_sim_v1+role_aware_pmf_cal_v1:starter+monotone_pit_cdf_v1]+prior_combo[joint_sampler_v1+joint_combo_pmf_v1+role_aware_pmf_cal_v1:starter+monotone_pit_cdf_v1]+stat_grid_final_component_convolution_mean_coherent_v1",phase8_role_aware_pmf_cal_v1+monotone_inactive_global_v1,phase8_pmf_cal,starter,derived_from_projected_minutes,29.0546,30.7465,0.05,25.6295,25.6295,25,25,0.0,1.0,1.0,1.0,0.9999,0.9998,0.9995,0.999,0.9983,0.9971,0.9954,0.9928,0.9889,0.983,0.9745,0.9628,0.9472,0.9276,0.9033,0.8736,0.8377,0.9276,-1282.0,1282.0,morning,2026-05-30T22:47:50Z,6233da92#phase10c,30c4e23e-47a2-4ac0-bf0b-c3c6422ca067,ok,0.0,high,full,current_phase8,fallback_used,projected,derived_from_projected_minutes,bdl_plus_nba_official,2026-05-30T22:46:57Z,projected,not_available_yet,bdl_lineup_freshness_manifest,2026-05-30T21:12:58Z,model_grid
Stephon Castle,1028025261,SAS,OKC,False,21713534,pa,17.5,17.5,"stat_grid:component_convolution_mean_coherent_v1+components[pts:pmf_sim_v1+role_aware_pmf_cal_v1:starter+monotone_pit_cdf_v1,ast:pmf_sim_v1+role_aware_pmf_cal_v1:starter+monotone_pit_cdf_v1]+prior_combo[joint_sampler_v1+joint_combo_pmf_v1+role_aware_pmf_cal_v1:starter+monotone_pit_cdf_v1]+stat_grid_final_component_convolution_mean_coherent_v1",phase8_role_aware_pmf_cal_v1+monotone_inactive_global_v1,phase8_pmf_cal,starter,derived_from_projected_minutes,29.0546,30.7465,0.05,25.6295,25.6295,25,25,0.0,1.0,1.0,1.0,0.9999,0.9998,0.9995,0.999,0.9983,0.9971,0.9954,0.9928,0.9889,0.983,0.9745,0.9628,0.9472,0.9276,0.9033,0.8736,0.8377,0.9034,-935.0,935.0,morning,2026-05-30T22:47:50Z,6233da92#phase10c,30c4e23e-47a2-4ac0-bf0b-c3c6422ca067,ok,0.0,high,full,current_phase8,fallback_used,projected,derived_from_projected_minutes,bdl_plus_nba_official,2026-05-30T22:46:57Z,projected,not_available_yet,bdl_lineup_freshness_manifest,2026-05-30T21:12:58Z,model_grid
Stephon Castle,1028025261,SAS,OKC,False,21713534,pa,18.5,18.5,"stat_grid:component_convolution_mean_coherent_v1+components[pts:pmf_sim_v1+role_aware_pmf_cal_v1:starter+monotone_pit_cdf_v1,ast:pmf_sim_v1+role_aware_pmf_cal_v1:starter+monotone_pit_cdf_v1]+prior_combo[joint_sampler_v1+joint_combo_pmf_v1+role_aware_pmf_cal_v1:starter+monotone_pit_cdf_v1]+stat_grid_final_component_convolution_mean_coherent_v1",phase8_role_aware_pmf_cal_v1+monotone_inactive_global_v1,phase8_pmf_cal,starter,derived_from_projected_minutes,29.0546,30.7465,0.05,25.6295,25.6295,25,25,0.0,1.0,1.0,1.0,0.9999,0.9998,0.9995,0.999,0.9983,0.9971,0.9954,0.9928,0.9889,0.983,0.9745,0.9628,0.9472,0.9276,0.9033,0.8736,0.8377,0.8736,-691.0,691.0,morning,2026-05-30T22:47:50Z,6233da92#phase10c,30c4e23e-47a2-4ac0-bf0b-c3c6422ca067,ok,0.0,high,full,current_phase8,fallback_used,projected,derived_from_projected_minutes,bdl_plus_nba_official,2026-05-30T22:46:57Z,projected,not_available_yet,bdl_lineup_freshness_manifest,2026-05-30T21:12:58Z,model_grid
Stephon Castle,1028025261,SAS,OKC,False,21713534,pa,19.5,19.5,"stat_grid:component_convolution_mean_coherent_v1+components[pts:pmf_sim_v1+role_aware_pmf_cal_v1:starter+monotone_pit_cdf_v1,ast:pmf_sim_v1+role_aware_pmf_cal_v1:starter+monotone_pit_cdf_v1]+prior_combo[joint_sampler_v1+joint_combo_pmf_v1+role_aware_pmf_cal_v1:starter+monotone_pit_cdf_v1]+stat_grid_final_component_convolution_mean_coherent_v1",phase8_role_aware_pmf_cal_v1+monotone_inactive_global_v1,phase8_pmf_cal,starter,derived_from_projected_minutes,29.0546,30.7465,0.05,25.6295,25.6295,25,25,0.0,1.0,1.0,1.0,0.9999,0.9998,0.9995,0.999,0.9983,0.9971,0.9954,0.9928,0.9889,0.983,0.9745,0.9628,0.9472,0.9276,0.9033,0.8736,0.8377,0.8377,-516.0,516.0,morning,2026-05-30T22:47:50Z,6233da92#phase10c,30c4e23e-47a2-4ac0-bf0b-c3c6422ca067,ok,0.0,high,full,current_phase8,fallback_used,projected,derived_from_projected_minutes,bdl_plus_nba_official,2026-05-30T22:46:57Z,projected,not_available_yet,bdl_lineup_freshness_manifest,2026-05-30T21:12:58Z,model_grid
Stephon Castle,1028025261,SAS,OKC,False,21713534,pr,0.5,0.5,"stat_grid:component_convolution_mean_coherent_v1+components[pts:pmf_sim_v1+role_aware_pmf_cal_v1:starter+monotone_pit_cdf_v1,reb:pmf_sim_v1+role_aware_pmf_cal_v1:starter+monotone_pit_cdf_v1]+prior_combo[joint_sampler_v1+joint_combo_pmf_v1+role_aware_pmf_cal_v1:starter+monotone_pit_cdf_v1]+stat_grid_final_component_convolution_mean_coherent_v1",phase8_role_aware_pmf_cal_v1+monotone_inactive_global_v1,phase8_pmf_cal,starter,derived_from_projected_minutes,29.0546,30.7465,0.05,24.4751,24.4751,24,25,0.0,1.0,1.0,0.9999,0.9998,0.9996,0.9991,0.9983,0.9972,0.9955,0.993,0.9892,0.9834,0.9747,0.9626,0.9466,0.9263,0.9015,0.8716,0.8354,0.7919,1.0,-23374788.0,23374788.0,morning,2026-05-30T22:47:50Z,6233da92#phase10c,30c4e23e-47a2-4ac0-bf0b-c3c6422ca067,ok,0.0,high,full,current_phase8,fallback_used,projected,derived_from_projected_minutes,bdl_plus_nba_official,2026-05-30T22:46:57Z,projected,not_available_yet,bdl_lineup_freshness_manifest,2026-05-30T21:12:58Z,model_grid
Stephon Castle,1028025261,SAS,OKC,False,21713534,pr,1.5,1.5,"stat_grid:component_convolution_mean_coherent_v1+components[pts:pmf_sim_v1+role_aware_pmf_cal_v1:starter+monotone_pit_cdf_v1,reb:pmf_sim_v1+role_aware_pmf_cal_v1:starter+monotone_pit_cdf_v1]+prior_combo[joint_sampler_v1+joint_combo_pmf_v1+role_aware_pmf_cal_v1:starter+monotone_pit_cdf_v1]+stat_grid_final_component_convolution_mean_coherent_v1",phase8_role_aware_pmf_cal_v1+monotone_inactive_global_v1,phase8_pmf_cal,starter,derived_from_projected_minutes,29.0546,30.7465,0.05,24.4751,24.4751,24,25,0.0,1.0,1.0,0.9999,0.9998,0.9996,0.9991,0.9983,0.9972,0.9955,0.993,0.9892,0.9834,0.9747,0.9626,0.9466,0.9263,0.9015,0.8716,0.8354,0.7919,1.0,-6144312.0,6144312.0,morning,2026-05-30T22:47:50Z,6233da92#phase10c,30c4e23e-47a2-4ac0-bf0b-c3c6422ca067,ok,0.0,high,full,current_phase8,fallback_used,projected,derived_from_projected_minutes,bdl_plus_nba_official,2026-05-30T22:46:57Z,projected,not_available_yet,bdl_lineup_freshness_manifest,2026-05-30T21:12:58Z,model_grid
Stephon Castle,1028025261,SAS,OKC,False,21713534,pr,2.5,2.5,"stat_grid:component_convolution_mean_coherent_v1+components[pts:pmf_sim_v1+role_aware_pmf_cal_v1:starter+monotone_pit_cdf_v1,reb:pmf_sim_v1+role_aware_pmf_cal_v1:starter+monotone_pit_cdf_v1]+prior_combo[joint_sampler_v1+joint_combo_pmf_v1+role_aware_pmf_cal_v1:starter+monotone_pit_cdf_v1]+stat_grid_final_component_convolution_mean_coherent_v1",phase8_role_aware_pmf_cal_v1+monotone_inactive_global_v1,phase8_pmf_cal,starter,derived_from_projected_minutes,29.0546,30.7465,0.05,24.4751,24.4751,24,25,0.0,1.0,1.0,0.9999,0.9998,0.9996,0.9991,0.9983,0.9972,0.9955,0.993,0.9892,0.9834,0.9747,0.9626,0.9466,0.9263,0.9015,0.8716,0.8354,0.7919,0.9999,-1671906.0,1671906.0,morning,2026-05-30T22:47:50Z,6233da92#phase10c,30c4e23e-47a2-4ac0-bf0b-c3c6422ca067,ok,0.0,high,full,current_phase8,fallback_used,projected,derived_from_projected_minutes,bdl_plus_nba_official,2026-05-30T22:46:57Z,projected,not_available_yet,bdl_lineup_freshness_manifest,2026-05-30T21:12:58Z,model_grid
Stephon Castle,1028025261,SAS,OKC,False,21713534,pr,3.5,3.5,"stat_grid:component_convolution_mean_coherent_v1+components[pts:pmf_sim_v1+role_aware_pmf_cal_v1:starter+monotone_pit_cdf_v1,reb:pmf_sim_v1+role_aware_pmf_cal_v1:starter+monotone_pit_cdf_v1]+prior_combo[joint_sampler_v1+joint_combo_pmf_v1+role_aware_pmf_cal_v1:starter+monotone_pit_cdf_v1]+stat_grid_final_component_convolution_mean_coherent_v1",phase8_role_aware_pmf_cal_v1+monotone_inactive_global_v1,phase8_pmf_cal,starter,derived_from_projected_minutes,29.0546,30.7465,0.05,24.4751,24.4751,24,25,0.0,1.0,1.0,0.9999,0.9998,0.9996,0.9991,0.9983,0.9972,0.9955,0.993,0.9892,0.9834,0.9747,0.9626,0.9466,0.9263,0.9015,0.8716,0.8354,0.7919,0.9998,-601809.0,601809.0,morning,2026-05-30T22:47:50Z,6233da92#phase10c,30c4e23e-47a2-4ac0-bf0b-c3c6422ca067,ok,0.0,high,full,current_phase8,fallback_used,projected,derived_from_projected_minutes,bdl_plus_nba_official,2026-05-30T22:46:57Z,projected,not_available_yet,bdl_lineup_freshness_manifest,2026-05-30T21:12:58Z,model_grid
Stephon Castle,1028025261,SAS,OKC,False,21713534,pr,4.5,4.5,"stat_grid:component_convolution_mean_coherent_v1+components[pts:pmf_sim_v1+role_aware_pmf_cal_v1:starter+monotone_pit_cdf_v1,reb:pmf_sim_v1+role_aware_pmf_cal_v1:starter+monotone_pit_cdf_v1]+prior_combo[joint_sampler_v1+joint_combo_pmf_v1+role_aware_pmf_cal_v1:starter+monotone_pit_cdf_v1]+stat_grid_final_component_convolution_mean_coherent_v1",phase8_role_aware_pmf_cal_v1+monotone_inactive_global_v1,phase8_pmf_cal,starter,derived_from_projected_minutes,29.0546,30.7465,0.05,24.4751,24.4751,24,25,0.0,1.0,1.0,0.9999,0.9998,0.9996,0.9991,0.9983,0.9972,0.9955,0.993,0.9892,0.9834,0.9747,0.9626,0.9466,0.9263,0.9015,0.8716,0.8354,0.7919,0.9996,-247323.0,247323.0,morning,2026-05-30T22:47:50Z,6233da92#phase10c,30c4e23e-47a2-4ac0-bf0b-c3c6422ca067,ok,0.0,high,full,current_phase8,fallback_used,projected,derived_from_projected_minutes,bdl_plus_nba_official,2026-05-30T22:46:57Z,projected,not_available_yet,bdl_lineup_freshness_manifest,2026-05-30T21:12:58Z,model_grid
Stephon Castle,1028025261,SAS,OKC,False,21713534,pr,5.5,5.5,"stat_grid:component_convolution_mean_coherent_v1+components[pts:pmf_sim_v1+role_aware_pmf_cal_v1:starter+monotone_pit_cdf_v1,reb:pmf_sim_v1+role_aware_pmf_cal_v1:starter+monotone_pit_cdf_v1]+prior_combo[joint_sampler_v1+joint_combo_pmf_v1+role_aware_pmf_cal_v1:starter+monotone_pit_cdf_v1]+stat_grid_final_component_convolution_mean_coherent_v1",phase8_role_aware_pmf_cal_v1+monotone_inactive_global_v1,phase8_pmf_cal,starter,derived_from_projected_minutes,29.0546,30.7465,0.05,24.4751,24.4751,24,25,0.0,1.0,1.0,0.9999,0.9998,0.9996,0.9991,0.9983,0.9972,0.9955,0.993,0.9892,0.9834,0.9747,0.9626,0.9466,0.9263,0.9015,0.8716,0.8354,0.7919,0.9991,-114039.0,114039.0,morning,2026-05-30T22:47:50Z,6233da92#phase10c,30c4e23e-47a2-4ac0-bf0b-c3c6422ca067,ok,0.0,high,full,current_phase8,fallback_used,projected,derived_from_projected_minutes,bdl_plus_nba_official,2026-05-30T22:46:57Z,projected,not_available_yet,bdl_lineup_freshness_manifest,2026-05-30T21:12:58Z,model_grid
Stephon Castle,1028025261,SAS,OKC,False,21713534,pr,6.5,6.5,"stat_grid:component_convolution_mean_coherent_v1+components[pts:pmf_sim_v1+role_aware_pmf_cal_v1:starter+monotone_pit_cdf_v1,reb:pmf_sim_v1+role_aware_pmf_cal_v1:starter+monotone_pit_cdf_v1]+prior_combo[joint_sampler_v1+joint_combo_pmf_v1+role_aware_pmf_cal_v1:starter+monotone_pit_cdf_v1]+stat_grid_final_component_convolution_mean_coherent_v1",phase8_role_aware_pmf_cal_v1+monotone_inactive_global_v1,phase8_pmf_cal,starter,derived_from_projected_minutes,29.0546,30.7465,0.05,24.4751,24.4751,24,25,0.0,1.0,1.0,0.9999,0.9998,0.9996,0.9991,0.9983,0.9972,0.9955,0.993,0.9892,0.9834,0.9747,0.9626,0.9466,0.9263,0.9015,0.8716,0.8354,0.7919,0.9983,-59806.0,59806.0,morning,2026-05-30T22:47:50Z,6233da92#phase10c,30c4e23e-47a2-4ac0-bf0b-c3c6422ca067,ok,0.0,high,full,current_phase8,fallback_used,projected,derived_from_projected_minutes,bdl_plus_nba_official,2026-05-30T22:46:57Z,projected,not_available_yet,bdl_lineup_freshness_manifest,2026-05-30T21:12:58Z,model_grid
Stephon Castle,1028025261,SAS,OKC,False,21713534,pr,7.5,7.5,"stat_grid:component_convolution_mean_coherent_v1+components[pts:pmf_sim_v1+role_aware_pmf_cal_v1:starter+monotone_pit_cdf_v1,reb:pmf_sim_v1+role_aware_pmf_cal_v1:starter+monotone_pit_cdf_v1]+prior_combo[joint_sampler_v1+joint_combo_pmf_v1+role_aware_pmf_cal_v1:starter+monotone_pit_cdf_v1]+stat_grid_final_component_convolution_mean_coherent_v1",phase8_role_aware_pmf_cal_v1+monotone_inactive_global_v1,phase8_pmf_cal,starter,derived_from_projected_minutes,29.0546,30.7465,0.05,24.4751,24.4751,24,25,0.0,1.0,1.0,0.9999,0.9998,0.9996,0.9991,0.9983,0.9972,0.9955,0.993,0.9892,0.9834,0.9747,0.9626,0.9466,0.9263,0.9015,0.8716,0.8354,0.7919,0.9972,-35810.0,35810.0,morning,2026-05-30T22:47:50Z,6233da92#phase10c,30c4e23e-47a2-4ac0-bf0b-c3c6422ca067,ok,0.0,high,full,current_phase8,fallback_used,projected,derived_from_projected_minutes,bdl_plus_nba_official,2026-05-30T22:46:57Z,projected,not_available_yet,bdl_lineup_freshness_manifest,2026-05-30T21:12:58Z,model_grid
Stephon Castle,1028025261,SAS,OKC,False,21713534,pr,8.5,8.5,"stat_grid:component_convolution_mean_coherent_v1+components[pts:pmf_sim_v1+role_aware_pmf_cal_v1:starter+monotone_pit_cdf_v1,reb:pmf_sim_v1+role_aware_pmf_cal_v1:starter+monotone_pit_cdf_v1]+prior_combo[joint_sampler_v1+joint_combo_pmf_v1+role_aware_pmf_cal_v1:starter+monotone_pit_cdf_v1]+stat_grid_final_component_convolution_mean_coherent_v1",phase8_role_aware_pmf_cal_v1+monotone_inactive_global_v1,phase8_pmf_cal,starter,derived_from_projected_minutes,29.0546,30.7465,0.05,24.4751,24.4751,24,25,0.0,1.0,1.0,0.9999,0.9998,0.9996,0.9991,0.9983,0.9972,0.9955,0.993,0.9892,0.9834,0.9747,0.9626,0.9466,0.9263,0.9015,0.8716,0.8354,0.7919,0.9955,-22351.0,22351.0,morning,2026-05-30T22:47:50Z,6233da92#phase10c,30c4e23e-47a2-4ac0-bf0b-c3c6422ca067,ok,0.0,high,full,current_phase8,fallback_used,projected,derived_from_projected_minutes,bdl_plus_nba_official,2026-05-30T22:46:57Z,projected,not_available_yet,bdl_lineup_freshness_manifest,2026-05-30T21:12:58Z,model_grid
Stephon Castle,1028025261,SAS,OKC,False,21713534,pr,9.5,9.5,"stat_grid:component_convolution_mean_coherent_v1+components[pts:pmf_sim_v1+role_aware_pmf_cal_v1:starter+monotone_pit_cdf_v1,reb:pmf_sim_v1+role_aware_pmf_cal_v1:starter+monotone_pit_cdf_v1]+prior_combo[joint_sampler_v1+joint_combo_pmf_v1+role_aware_pmf_cal_v1:starter+monotone_pit_cdf_v1]+stat_grid_final_component_convolution_mean_coherent_v1",phase8_role_aware_pmf_cal_v1+monotone_inactive_global_v1,phase8_pmf_cal,starter,derived_from_projected_minutes,29.0546,30.7465,0.05,24.4751,24.4751,24,25,0.0,1.0,1.0,0.9999,0.9998,0.9996,0.9991,0.9983,0.9972,0.9955,0.993,0.9892,0.9834,0.9747,0.9626,0.9466,0.9263,0.9015,0.8716,0.8354,0.7919,0.993,-14200.0,14200.0,morning,2026-05-30T22:47:50Z,6233da92#phase10c,30c4e23e-47a2-4ac0-bf0b-c3c6422ca067,ok,0.0,high,full,current_phase8,fallback_used,projected,derived_from_projected_minutes,bdl_plus_nba_official,2026-05-30T22:46:57Z,projected,not_available_yet,bdl_lineup_freshness_manifest,2026-05-30T21:12:58Z,model_grid
Stephon Castle,1028025261,SAS,OKC,False,21713534,pr,10.5,10.5,"stat_grid:component_convolution_mean_coherent_v1+components[pts:pmf_sim_v1+role_aware_pmf_cal_v1:starter+monotone_pit_cdf_v1,reb:pmf_sim_v1+role_aware_pmf_cal_v1:starter+monotone_pit_cdf_v1]+prior_combo[joint_sampler_v1+joint_combo_pmf_v1+role_aware_pmf_cal_v1:starter+monotone_pit_cdf_v1]+stat_grid_final_component_convolution_mean_coherent_v1",phase8_role_aware_pmf_cal_v1+monotone_inactive_global_v1,phase8_pmf_cal,starter,derived_from_projected_minutes,29.0546,30.7465,0.05,24.4751,24.4751,24,25,0.0,1.0,1.0,0.9999,0.9998,0.9996,0.9991,0.9983,0.9972,0.9955,0.993,0.9892,0.9834,0.9747,0.9626,0.9466,0.9263,0.9015,0.8716,0.8354,0.7919,0.9892,-9142.0,9142.0,morning,2026-05-30T22:47:50Z,6233da92#phase10c,30c4e23e-47a2-4ac0-bf0b-c3c6422ca067,ok,0.0,high,full,current_phase8,fallback_used,projected,derived_from_projected_minutes,bdl_plus_nba_official,2026-05-30T22:46:57Z,projected,not_available_yet,bdl_lineup_freshness_manifest,2026-05-30T21:12:58Z,model_grid
Stephon Castle,1028025261,SAS,OKC,False,21713534,pr,11.5,11.5,"stat_grid:component_convolution_mean_coherent_v1+components[pts:pmf_sim_v1+role_aware_pmf_cal_v1:starter+monotone_pit_cdf_v1,reb:pmf_sim_v1+role_aware_pmf_cal_v1:starter+monotone_pit_cdf_v1]+prior_combo[joint_sampler_v1+joint_combo_pmf_v1+role_aware_pmf_cal_v1:starter+monotone_pit_cdf_v1]+stat_grid_final_component_convolution_mean_coherent_v1",phase8_role_aware_pmf_cal_v1+monotone_inactive_global_v1,phase8_pmf_cal,starter,derived_from_projected_minutes,29.0546,30.7465,0.05,24.4751,24.4751,24,25,0.0,1.0,1.0,0.9999,0.9998,0.9996,0.9991,0.9983,0.9972,0.9955,0.993,0.9892,0.9834,0.9747,0.9626,0.9466,0.9263,0.9015,0.8716,0.8354,0.7919,0.9834,-5916.0,5916.0,morning,2026-05-30T22:47:50Z,6233da92#phase10c,30c4e23e-47a2-4ac0-bf0b-c3c6422ca067,ok,0.0,high,full,current_phase8,fallback_used,projected,derived_from_projected_minutes,bdl_plus_nba_official,2026-05-30T22:46:57Z,projected,not_available_yet,bdl_lineup_freshness_manifest,2026-05-30T21:12:58Z,model_grid
Stephon Castle,1028025261,SAS,OKC,False,21713534,pr,12.5,12.5,"stat_grid:component_convolution_mean_coherent_v1+components[pts:pmf_sim_v1+role_aware_pmf_cal_v1:starter+monotone_pit_cdf_v1,reb:pmf_sim_v1+role_aware_pmf_cal_v1:starter+monotone_pit_cdf_v1]+prior_combo[joint_sampler_v1+joint_combo_pmf_v1+role_aware_pmf_cal_v1:starter+monotone_pit_cdf_v1]+stat_grid_final_component_convolution_mean_coherent_v1",phase8_role_aware_pmf_cal_v1+monotone_inactive_global_v1,phase8_pmf_cal,starter,derived_from_projected_minutes,29.0546,30.7465,0.05,24.4751,24.4751,24,25,0.0,1.0,1.0,0.9999,0.9998,0.9996,0.9991,0.9983,0.9972,0.9955,0.993,0.9892,0.9834,0.9747,0.9626,0.9466,0.9263,0.9015,0.8716,0.8354,0.7919,0.9747,-3858.0,3858.0,morning,2026-05-30T22:47:50Z,6233da92#phase10c,30c4e23e-47a2-4ac0-bf0b-c3c6422ca067,ok,0.0,high,full,current_phase8,fallback_used,projected,derived_from_projected_minutes,bdl_plus_nba_official,2026-05-30T22:46:57Z,projected,not_available_yet,bdl_lineup_freshness_manifest,2026-05-30T21:12:58Z,model_grid
Stephon Castle,1028025261,SAS,OKC,False,21713534,pr,13.5,13.5,"stat_grid:component_convolution_mean_coherent_v1+components[pts:pmf_sim_v1+role_aware_pmf_cal_v1:starter+monotone_pit_cdf_v1,reb:pmf_sim_v1+role_aware_pmf_cal_v1:starter+monotone_pit_cdf_v1]+prior_combo[joint_sampler_v1+joint_combo_pmf_v1+role_aware_pmf_cal_v1:starter+monotone_pit_cdf_v1]+stat_grid_final_component_convolution_mean_coherent_v1",phase8_role_aware_pmf_cal_v1+monotone_inactive_global_v1,phase8_pmf_cal,starter,derived_from_projected_minutes,29.0546,30.7465,0.05,24.4751,24.4751,24,25,0.0,1.0,1.0,0.9999,0.9998,0.9996,0.9991,0.9983,0.9972,0.9955,0.993,0.9892,0.9834,0.9747,0.9626,0.9466,0.9263,0.9015,0.8716,0.8354,0.7919,0.9626,-2574.0,2574.0,morning,2026-05-30T22:47:50Z,6233da92#phase10c,30c4e23e-47a2-4ac0-bf0b-c3c6422ca067,ok,0.0,high,full,current_phase8,fallback_used,projected,derived_from_projected_minutes,bdl_plus_nba_official,2026-05-30T22:46:57Z,projected,not_available_yet,bdl_lineup_freshness_manifest,2026-05-30T21:12:58Z,model_grid
Stephon Castle,1028025261,SAS,OKC,False,21713534,pr,14.5,14.5,"stat_grid:component_convolution_mean_coherent_v1+components[pts:pmf_sim_v1+role_aware_pmf_cal_v1:starter+monotone_pit_cdf_v1,reb:pmf_sim_v1+role_aware_pmf_cal_v1:starter+monotone_pit_cdf_v1]+prior_combo[joint_sampler_v1+joint_combo_pmf_v1+role_aware_pmf_cal_v1:starter+monotone_pit_cdf_v1]+stat_grid_final_component_convolution_mean_coherent_v1",phase8_role_aware_pmf_cal_v1+monotone_inactive_global_v1,phase8_pmf_cal,starter,derived_from_projected_minutes,29.0546,30.7465,0.05,24.4751,24.4751,24,25,0.0,1.0,1.0,0.9999,0.9998,0.9996,0.9991,0.9983,0.9972,0.9955,0.993,0.9892,0.9834,0.9747,0.9626,0.9466,0.9263,0.9015,0.8716,0.8354,0.7919,0.9466,-1773.0,1773.0,morning,2026-05-30T22:47:50Z,6233da92#phase10c,30c4e23e-47a2-4ac0-bf0b-c3c6422ca067,ok,0.0,high,full,current_phase8,fallback_used,projected,derived_from_projected_minutes,bdl_plus_nba_official,2026-05-30T22:46:57Z,projected,not_available_yet,bdl_lineup_freshness_manifest,2026-05-30T21:12:58Z,model_grid
Stephon Castle,1028025261,SAS,OKC,False,21713534,pr,15.5,15.5,"stat_grid:component_convolution_mean_coherent_v1+components[pts:pmf_sim_v1+role_aware_pmf_cal_v1:starter+monotone_pit_cdf_v1,reb:pmf_sim_v1+role_aware_pmf_cal_v1:starter+monotone_pit_cdf_v1]+prior_combo[joint_sampler_v1+joint_combo_pmf_v1+role_aware_pmf_cal_v1:starter+monotone_pit_cdf_v1]+stat_grid_final_component_convolution_mean_coherent_v1",phase8_role_aware_pmf_cal_v1+monotone_inactive_global_v1,phase8_pmf_cal,starter,derived_from_projected_minutes,29.0546,30.7465,0.05,24.4751,24.4751,24,25,0.0,1.0,1.0,0.9999,0.9998,0.9996,0.9991,0.9983,0.9972,0.9955,0.993,0.9892,0.9834,0.9747,0.9626,0.9466,0.9263,0.9015,0.8716,0.8354,0.7919,0.9263,-1258.0,1258.0,morning,2026-05-30T22:47:50Z,6233da92#phase10c,30c4e23e-47a2-4ac0-bf0b-c3c6422ca067,ok,0.0,high,full,current_phase8,fallback_used,projected,derived_from_projected_minutes,bdl_plus_nba_official,2026-05-30T22:46:57Z,projected,not_available_yet,bdl_lineup_freshness_manifest,2026-05-30T21:12:58Z,model_grid
Stephon Castle,1028025261,SAS,OKC,False,21713534,pr,16.5,16.5,"stat_grid:component_convolution_mean_coherent_v1+components[pts:pmf_sim_v1+role_aware_pmf_cal_v1:starter+monotone_pit_cdf_v1,reb:pmf_sim_v1+role_aware_pmf_cal_v1:starter+monotone_pit_cdf_v1]+prior_combo[joint_sampler_v1+joint_combo_pmf_v1+role_aware_pmf_cal_v1:starter+monotone_pit_cdf_v1]+stat_grid_final_component_convolution_mean_coherent_v1",phase8_role_aware_pmf_cal_v1+monotone_inactive_global_v1,phase8_pmf_cal,starter,derived_from_projected_minutes,29.0546,30.7465,0.05,24.4751,24.4751,24,25,0.0,1.0,1.0,0.9999,0.9998,0.9996,0.9991,0.9983,0.9972,0.9955,0.993,0.9892,0.9834,0.9747,0.9626,0.9466,0.9263,0.9015,0.8716,0.8354,0.7919,0.9015,-915.0,915.0,morning,2026-05-30T22:47:50Z,6233da92#phase10c,30c4e23e-47a2-4ac0-bf0b-c3c6422ca067,ok,0.0,high,full,current_phase8,fallback_used,projected,derived_from_projected_minutes,bdl_plus_nba_official,2026-05-30T22:46:57Z,projected,not_available_yet,bdl_lineup_freshness_manifest,2026-05-30T21:12:58Z,model_grid
Stephon Castle,1028025261,SAS,OKC,False,21713534,pr,17.5,17.5,"stat_grid:component_convolution_mean_coherent_v1+components[pts:pmf_sim_v1+role_aware_pmf_cal_v1:starter+monotone_pit_cdf_v1,reb:pmf_sim_v1+role_aware_pmf_cal_v1:starter+monotone_pit_cdf_v1]+prior_combo[joint_sampler_v1+joint_combo_pmf_v1+role_aware_pmf_cal_v1:starter+monotone_pit_cdf_v1]+stat_grid_final_component_convolution_mean_coherent_v1",phase8_role_aware_pmf_cal_v1+monotone_inactive_global_v1,phase8_pmf_cal,starter,derived_from_projected_minutes,29.0546,30.7465,0.05,24.4751,24.4751,24,25,0.0,1.0,1.0,0.9999,0.9998,0.9996,0.9991,0.9983,0.9972,0.9955,0.993,0.9892,0.9834,0.9747,0.9626,0.9466,0.9263,0.9015,0.8716,0.8354,0.7919,0.8716,-679.0,679.0,morning,2026-05-30T22:47:50Z,6233da92#phase10c,30c4e23e-47a2-4ac0-bf0b-c3c6422ca067,ok,0.0,high,full,current_phase8,fallback_used,projected,derived_from_projected_minutes,bdl_plus_nba_official,2026-05-30T22:46:57Z,projected,not_available_yet,bdl_lineup_freshness_manifest,2026-05-30T21:12:58Z,model_grid
Stephon Castle,1028025261,SAS,OKC,False,21713534,pr,18.5,18.5,"stat_grid:component_convolution_mean_coherent_v1+components[pts:pmf_sim_v1+role_aware_pmf_cal_v1:starter+monotone_pit_cdf_v1,reb:pmf_sim_v1+role_aware_pmf_cal_v1:starter+monotone_pit_cdf_v1]+prior_combo[joint_sampler_v1+joint_combo_pmf_v1+role_aware_pmf_cal_v1:starter+monotone_pit_cdf_v1]+stat_grid_final_component_convolution_mean_coherent_v1",phase8_role_aware_pmf_cal_v1+monotone_inactive_global_v1,phase8_pmf_cal,starter,derived_from_projected_minutes,29.0546,30.7465,0.05,24.4751,24.4751,24,25,0.0,1.0,1.0,0.9999,0.9998,0.9996,0.9991,0.9983,0.9972,0.9955,0.993,0.9892,0.9834,0.9747,0.9626,0.9466,0.9263,0.9015,0.8716,0.8354,0.7919,0.8354,-508.0,508.0,morning,2026-05-30T22:47:50Z,6233da92#phase10c,30c4e23e-47a2-4ac0-bf0b-c3c6422ca067,ok,0.0,high,full,current_phase8,fallback_used,projected,derived_from_projected_minutes,bdl_plus_nba_official,2026-05-30T22:46:57Z,projected,not_available_yet,bdl_lineup_freshness_manifest,2026-05-30T21:12:58Z,model_grid
Stephon Castle,1028025261,SAS,OKC,False,21713534,pr,19.5,19.5,"stat_grid:component_convolution_mean_coherent_v1+components[pts:pmf_sim_v1+role_aware_pmf_cal_v1:starter+monotone_pit_cdf_v1,reb:pmf_sim_v1+role_aware_pmf_cal_v1:starter+monotone_pit_cdf_v1]+prior_combo[joint_sampler_v1+joint_combo_pmf_v1+role_aware_pmf_cal_v1:starter+monotone_pit_cdf_v1]+stat_grid_final_component_convolution_mean_coherent_v1",phase8_role_aware_pmf_cal_v1+monotone_inactive_global_v1,phase8_pmf_cal,starter,derived_from_projected_minutes,29.0546,30.7465,0.05,24.4751,24.4751,24,25,0.0,1.0,1.0,0.9999,0.9998,0.9996,0.9991,0.9983,0.9972,0.9955,0.993,0.9892,0.9834,0.9747,0.9626,0.9466,0.9263,0.9015,0.8716,0.8354,0.7919,0.7919,-381.0,381.0,morning,2026-05-30T22:47:50Z,6233da92#phase10c,30c4e23e-47a2-4ac0-bf0b-c3c6422ca067,ok,0.0,high,full,current_phase8,fallback_used,projected,derived_from_projected_minutes,bdl_plus_nba_official,2026-05-30T22:46:57Z,projected,not_available_yet,bdl_lineup_freshness_manifest,2026-05-30T21:12:58Z,model_grid
Stephon Castle,1028025261,SAS,OKC,False,21713534,ra,0.5,0.5,"stat_grid:component_convolution_mean_coherent_v1+components[reb:pmf_sim_v1+role_aware_pmf_cal_v1:starter+monotone_pit_cdf_v1,ast:pmf_sim_v1+role_aware_pmf_cal_v1:starter+monotone_pit_cdf_v1]+prior_combo[joint_sampler_v1+joint_combo_pmf_v1+role_aware_pmf_cal_v1:starter+monotone_pit_cdf_v1]+stat_grid_final_component_convolution_mean_coherent_v1",phase8_role_aware_pmf_cal_v1+monotone_inactive_global_v1,phase8_pmf_cal,starter,derived_from_projected_minutes,29.0546,30.7465,0.05,12.6429,12.6429,13,13,0.0,1.0,0.9999,0.9998,0.9992,0.9978,0.994,0.9856,0.9685,0.935,0.8766,0.7861,0.6644,0.524,0.3795,0.2461,0.1443,0.077,0.0373,0.0168,0.007,1.0,-6076334.0,6076334.0,morning,2026-05-30T22:47:50Z,6233da92#phase10c,30c4e23e-47a2-4ac0-bf0b-c3c6422ca067,ok,0.0,high,full,current_phase8,fallback_used,projected,derived_from_projected_minutes,bdl_plus_nba_official,2026-05-30T22:46:57Z,projected,not_available_yet,bdl_lineup_freshness_manifest,2026-05-30T21:12:58Z,model_grid
Stephon Castle,1028025261,SAS,OKC,False,21713534,ra,1.5,1.5,"stat_grid:component_convolution_mean_coherent_v1+components[reb:pmf_sim_v1+role_aware_pmf_cal_v1:starter+monotone_pit_cdf_v1,ast:pmf_sim_v1+role_aware_pmf_cal_v1:starter+monotone_pit_cdf_v1]+prior_combo[joint_sampler_v1+joint_combo_pmf_v1+role_aware_pmf_cal_v1:starter+monotone_pit_cdf_v1]+stat_grid_final_component_convolution_mean_coherent_v1",phase8_role_aware_pmf_cal_v1+monotone_inactive_global_v1,phase8_pmf_cal,starter,derived_from_projected_minutes,29.0546,30.7465,0.05,12.6429,12.6429,13,13,0.0,1.0,0.9999,0.9998,0.9992,0.9978,0.994,0.9856,0.9685,0.935,0.8766,0.7861,0.6644,0.524,0.3795,0.2461,0.1443,0.077,0.0373,0.0168,0.007,0.9999,-1586256.0,1586256.0,morning,2026-05-30T22:47:50Z,6233da92#phase10c,30c4e23e-47a2-4ac0-bf0b-c3c6422ca067,ok,0.0,high,full,current_phase8,fallback_used,projected,derived_from_projected_minutes,bdl_plus_nba_official,2026-05-30T22:46:57Z,projected,not_available_yet,bdl_lineup_freshness_manifest,2026-05-30T21:12:58Z,model_grid
Stephon Castle,1028025261,SAS,OKC,False,21713534,ra,2.5,2.5,"stat_grid:component_convolution_mean_coherent_v1+components[reb:pmf_sim_v1+role_aware_pmf_cal_v1:starter+monotone_pit_cdf_v1,ast:pmf_sim_v1+role_aware_pmf_cal_v1:starter+monotone_pit_cdf_v1]+prior_combo[joint_sampler_v1+joint_combo_pmf_v1+role_aware_pmf_cal_v1:starter+monotone_pit_cdf_v1]+stat_grid_final_component_convolution_mean_coherent_v1",phase8_role_aware_pmf_cal_v1+monotone_inactive_global_v1,phase8_pmf_cal,starter,derived_from_projected_minutes,29.0546,30.7465,0.05,12.6429,12.6429,13,13,0.0,1.0,0.9999,0.9998,0.9992,0.9978,0.994,0.9856,0.9685,0.935,0.8766,0.7861,0.6644,0.524,0.3795,0.2461,0.1443,0.077,0.0373,0.0168,0.007,0.9998,-403045.0,403045.0,morning,2026-05-30T22:47:50Z,6233da92#phase10c,30c4e23e-47a2-4ac0-bf0b-c3c6422ca067,ok,0.0,high,full,current_phase8,fallback_used,projected,derived_from_projected_minutes,bdl_plus_nba_official,2026-05-30T22:46:57Z,projected,not_available_yet,bdl_lineup_freshness_manifest,2026-05-30T21:12:58Z,model_grid
Stephon Castle,1028025261,SAS,OKC,False,21713534,ra,3.5,3.5,"stat_grid:component_convolution_mean_coherent_v1+components[reb:pmf_sim_v1+role_aware_pmf_cal_v1:starter+monotone_pit_cdf_v1,ast:pmf_sim_v1+role_aware_pmf_cal_v1:starter+monotone_pit_cdf_v1]+prior_combo[joint_sampler_v1+joint_combo_pmf_v1+role_aware_pmf_cal_v1:starter+monotone_pit_cdf_v1]+stat_grid_final_component_convolution_mean_coherent_v1",phase8_role_aware_pmf_cal_v1+monotone_inactive_global_v1,phase8_pmf_cal,starter,derived_from_projected_minutes,29.0546,30.7465,0.05,12.6429,12.6429,13,13,0.0,1.0,0.9999,0.9998,0.9992,0.9978,0.994,0.9856,0.9685,0.935,0.8766,0.7861,0.6644,0.524,0.3795,0.2461,0.1443,0.077,0.0373,0.0168,0.007,0.9992,-127679.0,127679.0,morning,2026-05-30T22:47:50Z,6233da92#phase10c,30c4e23e-47a2-4ac0-bf0b-c3c6422ca067,ok,0.0,high,full,current_phase8,fallback_used,projected,derived_from_projected_minutes,bdl_plus_nba_official,2026-05-30T22:46:57Z,projected,not_available_yet,bdl_lineup_freshness_manifest,2026-05-30T21:12:58Z,model_grid
Stephon Castle,1028025261,SAS,OKC,False,21713534,ra,4.5,4.5,"stat_grid:component_convolution_mean_coherent_v1+components[reb:pmf_sim_v1+role_aware_pmf_cal_v1:starter+monotone_pit_cdf_v1,ast:pmf_sim_v1+role_aware_pmf_cal_v1:starter+monotone_pit_cdf_v1]+prior_combo[joint_sampler_v1+joint_combo_pmf_v1+role_aware_pmf_cal_v1:starter+monotone_pit_cdf_v1]+stat_grid_final_component_convolution_mean_coherent_v1",phase8_role_aware_pmf_cal_v1+monotone_inactive_global_v1,phase8_pmf_cal,starter,derived_from_projected_minutes,29.0546,30.7465,0.05,12.6429,12.6429,13,13,0.0,1.0,0.9999,0.9998,0.9992,0.9978,0.994,0.9856,0.9685,0.935,0.8766,0.7861,0.6644,0.524,0.3795,0.2461,0.1443,0.077,0.0373,0.0168,0.007,0.9978,-44527.0,44527.0,morning,2026-05-30T22:47:50Z,6233da92#phase10c,30c4e23e-47a2-4ac0-bf0b-c3c6422ca067,ok,0.0,high,full,current_phase8,fallback_used,projected,derived_from_projected_minutes,bdl_plus_nba_official,2026-05-30T22:46:57Z,projected,not_available_yet,bdl_lineup_freshness_manifest,2026-05-30T21:12:58Z,model_grid
Stephon Castle,1028025261,SAS,OKC,False,21713534,ra,5.5,5.5,"stat_grid:component_convolution_mean_coherent_v1+components[reb:pmf_sim_v1+role_aware_pmf_cal_v1:starter+monotone_pit_cdf_v1,ast:pmf_sim_v1+role_aware_pmf_cal_v1:starter+monotone_pit_cdf_v1]+prior_combo[joint_sampler_v1+joint_combo_pmf_v1+role_aware_pmf_cal_v1:starter+monotone_pit_cdf_v1]+stat_grid_final_component_convolution_mean_coherent_v1",phase8_role_aware_pmf_cal_v1+monotone_inactive_global_v1,phase8_pmf_cal,starter,derived_from_projected_minutes,29.0546,30.7465,0.05,12.6429,12.6429,13,13,0.0,1.0,0.9999,0.9998,0.9992,0.9978,0.994,0.9856,0.9685,0.935,0.8766,0.7861,0.6644,0.524,0.3795,0.2461,0.1443,0.077,0.0373,0.0168,0.007,0.994,-16605.0,16605.0,morning,2026-05-30T22:47:50Z,6233da92#phase10c,30c4e23e-47a2-4ac0-bf0b-c3c6422ca067,ok,0.0,high,full,current_phase8,fallback_used,projected,derived_from_projected_minutes,bdl_plus_nba_official,2026-05-30T22:46:57Z,projected,not_available_yet,bdl_lineup_freshness_manifest,2026-05-30T21:12:58Z,model_grid
Stephon Castle,1028025261,SAS,OKC,False,21713534,ra,6.5,6.5,"stat_grid:component_convolution_mean_coherent_v1+components[reb:pmf_sim_v1+role_aware_pmf_cal_v1:starter+monotone_pit_cdf_v1,ast:pmf_sim_v1+role_aware_pmf_cal_v1:starter+monotone_pit_cdf_v1]+prior_combo[joint_sampler_v1+joint_combo_pmf_v1+role_aware_pmf_cal_v1:starter+monotone_pit_cdf_v1]+stat_grid_final_component_convolution_mean_coherent_v1",phase8_role_aware_pmf_cal_v1+monotone_inactive_global_v1,phase8_pmf_cal,starter,derived_from_projected_minutes,29.0546,30.7465,0.05,12.6429,12.6429,13,13,0.0,1.0,0.9999,0.9998,0.9992,0.9978,0.994,0.9856,0.9685,0.935,0.8766,0.7861,0.6644,0.524,0.3795,0.2461,0.1443,0.077,0.0373,0.0168,0.007,0.9856,-6862.0,6862.0,morning,2026-05-30T22:47:50Z,6233da92#phase10c,30c4e23e-47a2-4ac0-bf0b-c3c6422ca067,ok,0.0,high,full,current_phase8,fallback_used,projected,derived_from_projected_minutes,bdl_plus_nba_official,2026-05-30T22:46:57Z,projected,not_available_yet,bdl_lineup_freshness_manifest,2026-05-30T21:12:58Z,model_grid
Stephon Castle,1028025261,SAS,OKC,False,21713534,ra,7.5,7.5,"stat_grid:component_convolution_mean_coherent_v1+components[reb:pmf_sim_v1+role_aware_pmf_cal_v1:starter+monotone_pit_cdf_v1,ast:pmf_sim_v1+role_aware_pmf_cal_v1:starter+monotone_pit_cdf_v1]+prior_combo[joint_sampler_v1+joint_combo_pmf_v1+role_aware_pmf_cal_v1:starter+monotone_pit_cdf_v1]+stat_grid_final_component_convolution_mean_coherent_v1",phase8_role_aware_pmf_cal_v1+monotone_inactive_global_v1,phase8_pmf_cal,starter,derived_from_projected_minutes,29.0546,30.7465,0.05,12.6429,12.6429,13,13,0.0,1.0,0.9999,0.9998,0.9992,0.9978,0.994,0.9856,0.9685,0.935,0.8766,0.7861,0.6644,0.524,0.3795,0.2461,0.1443,0.077,0.0373,0.0168,0.007,0.9685,-3071.0,3071.0,morning,2026-05-30T22:47:50Z,6233da92#phase10c,30c4e23e-47a2-4ac0-bf0b-c3c6422ca067,ok,0.0,high,full,current_phase8,fallback_used,projected,derived_from_projected_minutes,bdl_plus_nba_official,2026-05-30T22:46:57Z,projected,not_available_yet,bdl_lineup_freshness_manifest,2026-05-30T21:12:58Z,model_grid
Stephon Castle,1028025261,SAS,OKC,False,21713534,ra,8.5,8.5,"stat_grid:component_convolution_mean_coherent_v1+components[reb:pmf_sim_v1+role_aware_pmf_cal_v1:starter+monotone_pit_cdf_v1,ast:pmf_sim_v1+role_aware_pmf_cal_v1:starter+monotone_pit_cdf_v1]+prior_combo[joint_sampler_v1+joint_combo_pmf_v1+role_aware_pmf_cal_v1:starter+monotone_pit_cdf_v1]+stat_grid_final_component_convolution_mean_coherent_v1",phase8_role_aware_pmf_cal_v1+monotone_inactive_global_v1,phase8_pmf_cal,starter,derived_from_projected_minutes,29.0546,30.7465,0.05,12.6429,12.6429,13,13,0.0,1.0,0.9999,0.9998,0.9992,0.9978,0.994,0.9856,0.9685,0.935,0.8766,0.7861,0.6644,0.524,0.3795,0.2461,0.1443,0.077,0.0373,0.0168,0.007,0.935,-1439.0,1439.0,morning,2026-05-30T22:47:50Z,6233da92#phase10c,30c4e23e-47a2-4ac0-bf0b-c3c6422ca067,ok,0.0,high,full,current_phase8,fallback_used,projected,derived_from_projected_minutes,bdl_plus_nba_official,2026-05-30T22:46:57Z,projected,not_available_yet,bdl_lineup_freshness_manifest,2026-05-30T21:12:58Z,model_grid
Stephon Castle,1028025261,SAS,OKC,False,21713534,ra,9.5,9.5,"stat_grid:component_convolution_mean_coherent_v1+components[reb:pmf_sim_v1+role_aware_pmf_cal_v1:starter+monotone_pit_cdf_v1,ast:pmf_sim_v1+role_aware_pmf_cal_v1:starter+monotone_pit_cdf_v1]+prior_combo[joint_sampler_v1+joint_combo_pmf_v1+role_aware_pmf_cal_v1:starter+monotone_pit_cdf_v1]+stat_grid_final_component_convolution_mean_coherent_v1",phase8_role_aware_pmf_cal_v1+monotone_inactive_global_v1,phase8_pmf_cal,starter,derived_from_projected_minutes,29.0546,30.7465,0.05,12.6429,12.6429,13,13,0.0,1.0,0.9999,0.9998,0.9992,0.9978,0.994,0.9856,0.9685,0.935,0.8766,0.7861,0.6644,0.524,0.3795,0.2461,0.1443,0.077,0.0373,0.0168,0.007,0.8766,-711.0,711.0,morning,2026-05-30T22:47:50Z,6233da92#phase10c,30c4e23e-47a2-4ac0-bf0b-c3c6422ca067,ok,0.0,high,full,current_phase8,fallback_used,projected,derived_from_projected_minutes,bdl_plus_nba_official,2026-05-30T22:46:57Z,projected,not_available_yet,bdl_lineup_freshness_manifest,2026-05-30T21:12:58Z,model_grid
Stephon Castle,1028025261,SAS,OKC,False,21713534,ra,10.5,10.5,"stat_grid:component_convolution_mean_coherent_v1+components[reb:pmf_sim_v1+role_aware_pmf_cal_v1:starter+monotone_pit_cdf_v1,ast:pmf_sim_v1+role_aware_pmf_cal_v1:starter+monotone_pit_cdf_v1]+prior_combo[joint_sampler_v1+joint_combo_pmf_v1+role_aware_pmf_cal_v1:starter+monotone_pit_cdf_v1]+stat_grid_final_component_convolution_mean_coherent_v1",phase8_role_aware_pmf_cal_v1+monotone_inactive_global_v1,phase8_pmf_cal,starter,derived_from_projected_minutes,29.0546,30.7465,0.05,12.6429,12.6429,13,13,0.0,1.0,0.9999,0.9998,0.9992,0.9978,0.994,0.9856,0.9685,0.935,0.8766,0.7861,0.6644,0.524,0.3795,0.2461,0.1443,0.077,0.0373,0.0168,0.007,0.7861,-368.0,368.0,morning,2026-05-30T22:47:50Z,6233da92#phase10c,30c4e23e-47a2-4ac0-bf0b-c3c6422ca067,ok,0.0,high,full,current_phase8,fallback_used,projected,derived_from_projected_minutes,bdl_plus_nba_official,2026-05-30T22:46:57Z,projected,not_available_yet,bdl_lineup_freshness_manifest,2026-05-30T21:12:58Z,model_grid
Stephon Castle,1028025261,SAS,OKC,False,21713534,ra,11.5,11.5,"stat_grid:component_convolution_mean_coherent_v1+components[reb:pmf_sim_v1+role_aware_pmf_cal_v1:starter+monotone_pit_cdf_v1,ast:pmf_sim_v1+role_aware_pmf_cal_v1:starter+monotone_pit_cdf_v1]+prior_combo[joint_sampler_v1+joint_combo_pmf_v1+role_aware_pmf_cal_v1:starter+monotone_pit_cdf_v1]+stat_grid_final_component_convolution_mean_coherent_v1",phase8_role_aware_pmf_cal_v1+monotone_inactive_global_v1,phase8_pmf_cal,starter,derived_from_projected_minutes,29.0546,30.7465,0.05,12.6429,12.6429,13,13,0.0,1.0,0.9999,0.9998,0.9992,0.9978,0.994,0.9856,0.9685,0.935,0.8766,0.7861,0.6644,0.524,0.3795,0.2461,0.1443,0.077,0.0373,0.0168,0.007,0.6644,-198.0,198.0,morning,2026-05-30T22:47:50Z,6233da92#phase10c,30c4e23e-47a2-4ac0-bf0b-c3c6422ca067,ok,0.0,high,full,current_phase8,fallback_used,projected,derived_from_projected_minutes,bdl_plus_nba_official,2026-05-30T22:46:57Z,projected,not_available_yet,bdl_lineup_freshness_manifest,2026-05-30T21:12:58Z,model_grid
Stephon Castle,1028025261,SAS,OKC,False,21713534,ra,12.5,12.5,"stat_grid:component_convolution_mean_coherent_v1+components[reb:pmf_sim_v1+role_aware_pmf_cal_v1:starter+monotone_pit_cdf_v1,ast:pmf_sim_v1+role_aware_pmf_cal_v1:starter+monotone_pit_cdf_v1]+prior_combo[joint_sampler_v1+joint_combo_pmf_v1+role_aware_pmf_cal_v1:starter+monotone_pit_cdf_v1]+stat_grid_final_component_convolution_mean_coherent_v1",phase8_role_aware_pmf_cal_v1+monotone_inactive_global_v1,phase8_pmf_cal,starter,derived_from_projected_minutes,29.0546,30.7465,0.05,12.6429,12.6429,13,13,0.0,1.0,0.9999,0.9998,0.9992,0.9978,0.994,0.9856,0.9685,0.935,0.8766,0.7861,0.6644,0.524,0.3795,0.2461,0.1443,0.077,0.0373,0.0168,0.007,0.524,-110.0,110.0,morning,2026-05-30T22:47:50Z,6233da92#phase10c,30c4e23e-47a2-4ac0-bf0b-c3c6422ca067,ok,0.0,high,full,current_phase8,fallback_used,projected,derived_from_projected_minutes,bdl_plus_nba_official,2026-05-30T22:46:57Z,projected,not_available_yet,bdl_lineup_freshness_manifest,2026-05-30T21:12:58Z,model_grid
Stephon Castle,1028025261,SAS,OKC,False,21713534,ra,13.5,13.5,"stat_grid:component_convolution_mean_coherent_v1+components[reb:pmf_sim_v1+role_aware_pmf_cal_v1:starter+monotone_pit_cdf_v1,ast:pmf_sim_v1+role_aware_pmf_cal_v1:starter+monotone_pit_cdf_v1]+prior_combo[joint_sampler_v1+joint_combo_pmf_v1+role_aware_pmf_cal_v1:starter+monotone_pit_cdf_v1]+stat_grid_final_component_convolution_mean_coherent_v1",phase8_role_aware_pmf_cal_v1+monotone_inactive_global_v1,phase8_pmf_cal,starter,derived_from_projected_minutes,29.0546,30.7465,0.05,12.6429,12.6429,13,13,0.0,1.0,0.9999,0.9998,0.9992,0.9978,0.994,0.9856,0.9685,0.935,0.8766,0.7861,0.6644,0.524,0.3795,0.2461,0.1443,0.077,0.0373,0.0168,0.007,0.3795,164.0,-164.0,morning,2026-05-30T22:47:50Z,6233da92#phase10c,30c4e23e-47a2-4ac0-bf0b-c3c6422ca067,ok,0.0,high,full,current_phase8,fallback_used,projected,derived_from_projected_minutes,bdl_plus_nba_official,2026-05-30T22:46:57Z,projected,not_available_yet,bdl_lineup_freshness_manifest,2026-05-30T21:12:58Z,model_grid
Stephon Castle,1028025261,SAS,OKC,False,21713534,ra,14.5,14.5,"stat_grid:component_convolution_mean_coherent_v1+components[reb:pmf_sim_v1+role_aware_pmf_cal_v1:starter+monotone_pit_cdf_v1,ast:pmf_sim_v1+role_aware_pmf_cal_v1:starter+monotone_pit_cdf_v1]+prior_combo[joint_sampler_v1+joint_combo_pmf_v1+role_aware_pmf_cal_v1:starter+monotone_pit_cdf_v1]+stat_grid_final_component_convolution_mean_coherent_v1",phase8_role_aware_pmf_cal_v1+monotone_inactive_global_v1,phase8_pmf_cal,starter,derived_from_projected_minutes,29.0546,30.7465,0.05,12.6429,12.6429,13,13,0.0,1.0,0.9999,0.9998,0.9992,0.9978,0.994,0.9856,0.9685,0.935,0.8766,0.7861,0.6644,0.524,0.3795,0.2461,0.1443,0.077,0.0373,0.0168,0.007,0.2461,306.0,-306.0,morning,2026-05-30T22:47:50Z,6233da92#phase10c,30c4e23e-47a2-4ac0-bf0b-c3c6422ca067,ok,0.0,high,full,current_phase8,fallback_used,projected,derived_from_projected_minutes,bdl_plus_nba_official,2026-05-30T22:46:57Z,projected,not_available_yet,bdl_lineup_freshness_manifest,2026-05-30T21:12:58Z,model_grid
Stephon Castle,1028025261,SAS,OKC,False,21713534,ra,15.5,15.5,"stat_grid:component_convolution_mean_coherent_v1+components[reb:pmf_sim_v1+role_aware_pmf_cal_v1:starter+monotone_pit_cdf_v1,ast:pmf_sim_v1+role_aware_pmf_cal_v1:starter+monotone_pit_cdf_v1]+prior_combo[joint_sampler_v1+joint_combo_pmf_v1+role_aware_pmf_cal_v1:starter+monotone_pit_cdf_v1]+stat_grid_final_component_convolution_mean_coherent_v1",phase8_role_aware_pmf_cal_v1+monotone_inactive_global_v1,phase8_pmf_cal,starter,derived_from_projected_minutes,29.0546,30.7465,0.05,12.6429,12.6429,13,13,0.0,1.0,0.9999,0.9998,0.9992,0.9978,0.994,0.9856,0.9685,0.935,0.8766,0.7861,0.6644,0.524,0.3795,0.2461,0.1443,0.077,0.0373,0.0168,0.007,0.1443,593.0,-593.0,morning,2026-05-30T22:47:50Z,6233da92#phase10c,30c4e23e-47a2-4ac0-bf0b-c3c6422ca067,ok,0.0,high,full,current_phase8,fallback_used,projected,derived_from_projected_minutes,bdl_plus_nba_official,2026-05-30T22:46:57Z,projected,not_available_yet,bdl_lineup_freshness_manifest,2026-05-30T21:12:58Z,model_grid
Stephon Castle,1028025261,SAS,OKC,False,21713534,ra,16.5,16.5,"stat_grid:component_convolution_mean_coherent_v1+components[reb:pmf_sim_v1+role_aware_pmf_cal_v1:starter+monotone_pit_cdf_v1,ast:pmf_sim_v1+role_aware_pmf_cal_v1:starter+monotone_pit_cdf_v1]+prior_combo[joint_sampler_v1+joint_combo_pmf_v1+role_aware_pmf_cal_v1:starter+monotone_pit_cdf_v1]+stat_grid_final_component_convolution_mean_coherent_v1",phase8_role_aware_pmf_cal_v1+monotone_inactive_global_v1,phase8_pmf_cal,starter,derived_from_projected_minutes,29.0546,30.7465,0.05,12.6429,12.6429,13,13,0.0,1.0,0.9999,0.9998,0.9992,0.9978,0.994,0.9856,0.9685,0.935,0.8766,0.7861,0.6644,0.524,0.3795,0.2461,0.1443,0.077,0.0373,0.0168,0.007,0.077,1199.0,-1199.0,morning,2026-05-30T22:47:50Z,6233da92#phase10c,30c4e23e-47a2-4ac0-bf0b-c3c6422ca067,ok,0.0,high,full,current_phase8,fallback_used,projected,derived_from_projected_minutes,bdl_plus_nba_official,2026-05-30T22:46:57Z,projected,not_available_yet,bdl_lineup_freshness_manifest,2026-05-30T21:12:58Z,model_grid
Stephon Castle,1028025261,SAS,OKC,False,21713534,ra,17.5,17.5,"stat_grid:component_convolution_mean_coherent_v1+components[reb:pmf_sim_v1+role_aware_pmf_cal_v1:starter+monotone_pit_cdf_v1,ast:pmf_sim_v1+role_aware_pmf_cal_v1:starter+monotone_pit_cdf_v1]+prior_combo[joint_sampler_v1+joint_combo_pmf_v1+role_aware_pmf_cal_v1:starter+monotone_pit_cdf_v1]+stat_grid_final_component_convolution_mean_coherent_v1",phase8_role_aware_pmf_cal_v1+monotone_inactive_global_v1,phase8_pmf_cal,starter,derived_from_projected_minutes,29.0546,30.7465,0.05,12.6429,12.6429,13,13,0.0,1.0,0.9999,0.9998,0.9992,0.9978,0.994,0.9856,0.9685,0.935,0.8766,0.7861,0.6644,0.524,0.3795,0.2461,0.1443,0.077,0.0373,0.0168,0.007,0.0373,2584.0,-2584.0,morning,2026-05-30T22:47:50Z,6233da92#phase10c,30c4e23e-47a2-4ac0-bf0b-c3c6422ca067,ok,0.0,high,full,current_phase8,fallback_used,projected,derived_from_projected_minutes,bdl_plus_nba_official,2026-05-30T22:46:57Z,projected,not_available_yet,bdl_lineup_freshness_manifest,2026-05-30T21:12:58Z,model_grid
Stephon Castle,1028025261,SAS,OKC,False,21713534,ra,18.5,18.5,"stat_grid:component_convolution_mean_coherent_v1+components[reb:pmf_sim_v1+role_aware_pmf_cal_v1:starter+monotone_pit_cdf_v1,ast:pmf_sim_v1+role_aware_pmf_cal_v1:starter+monotone_pit_cdf_v1]+prior_combo[joint_sampler_v1+joint_combo_pmf_v1+role_aware_pmf_cal_v1:starter+monotone_pit_cdf_v1]+stat_grid_final_component_convolution_mean_coherent_v1",phase8_role_aware_pmf_cal_v1+monotone_inactive_global_v1,phase8_pmf_cal,starter,derived_from_projected_minutes,29.0546,30.7465,0.05,12.6429,12.6429,13,13,0.0,1.0,0.9999,0.9998,0.9992,0.9978,0.994,0.9856,0.9685,0.935,0.8766,0.7861,0.6644,0.524,0.3795,0.2461,0.1443,0.077,0.0373,0.0168,0.007,0.0168,5864.0,-5864.0,morning,2026-05-30T22:47:50Z,6233da92#phase10c,30c4e23e-47a2-4ac0-bf0b-c3c6422ca067,ok,0.0,high,full,current_phase8,fallback_used,projected,derived_from_projected_minutes,bdl_plus_nba_official,2026-05-30T22:46:57Z,projected,not_available_yet,bdl_lineup_freshness_manifest,2026-05-30T21:12:58Z,model_grid
Stephon Castle,1028025261,SAS,OKC,False,21713534,ra,19.5,19.5,"stat_grid:component_convolution_mean_coherent_v1+components[reb:pmf_sim_v1+role_aware_pmf_cal_v1:starter+monotone_pit_cdf_v1,ast:pmf_sim_v1+role_aware_pmf_cal_v1:starter+monotone_pit_cdf_v1]+prior_combo[joint_sampler_v1+joint_combo_pmf_v1+role_aware_pmf_cal_v1:starter+monotone_pit_cdf_v1]+stat_grid_final_component_convolution_mean_coherent_v1",phase8_role_aware_pmf_cal_v1+monotone_inactive_global_v1,phase8_pmf_cal,starter,derived_from_projected_minutes,29.0546,30.7465,0.05,12.6429,12.6429,13,13,0.0,1.0,0.9999,0.9998,0.9992,0.9978,0.994,0.9856,0.9685,0.935,0.8766,0.7861,0.6644,0.524,0.3795,0.2461,0.1443,0.077,0.0373,0.0168,0.007,0.007,14109.0,-14109.0,morning,2026-05-30T22:47:50Z,6233da92#phase10c,30c4e23e-47a2-4ac0-bf0b-c3c6422ca067,ok,0.0,high,full,current_phase8,fallback_used,projected,derived_from_projected_minutes,bdl_plus_nba_official,2026-05-30T22:46:57Z,projected,not_available_yet,bdl_lineup_freshness_manifest,2026-05-30T21:12:58Z,model_grid
Stephon Castle,1028025261,SAS,OKC,False,21713534,pra,0.5,0.5,"stat_grid:component_convolution_mean_coherent_v1+components[pts:pmf_sim_v1+role_aware_pmf_cal_v1:starter+monotone_pit_cdf_v1,reb:pmf_sim_v1+role_aware_pmf_cal_v1:starter+monotone_pit_cdf_v1,ast:pmf_sim_v1+role_aware_pmf_cal_v1:starter+monotone_pit_cdf_v1]+prior_combo[joint_sampler_v1+joint_combo_pmf_v1+role_aware_pmf_cal_v1:starter+monotone_pit_cdf_v1]+stat_grid_final_component_convolution_mean_coherent_v1",phase8_role_aware_pmf_cal_v1+monotone_inactive_global_v1,phase8_pmf_cal,starter,derived_from_projected_minutes,29.0546,30.7465,0.05,31.3738,31.3738,31,31,0.0,1.0,1.0,1.0,1.0,1.0,1.0,1.0,0.9999,0.9999,0.9997,0.9995,0.999,0.9983,0.9972,0.9955,0.993,0.9894,0.984,0.9766,0.9663,1.0,-4861988943.0,4861988943.0,morning,2026-05-30T22:47:50Z,6233da92#phase10c,30c4e23e-47a2-4ac0-bf0b-c3c6422ca067,ok,0.0,high,full,current_phase8,fallback_used,projected,derived_from_projected_minutes,bdl_plus_nba_official,2026-05-30T22:46:57Z,projected,not_available_yet,bdl_lineup_freshness_manifest,2026-05-30T21:12:58Z,model_grid
Stephon Castle,1028025261,SAS,OKC,False,21713534,pra,1.5,1.5,"stat_grid:component_convolution_mean_coherent_v1+components[pts:pmf_sim_v1+role_aware_pmf_cal_v1:starter+monotone_pit_cdf_v1,reb:pmf_sim_v1+role_aware_pmf_cal_v1:starter+monotone_pit_cdf_v1,ast:pmf_sim_v1+role_aware_pmf_cal_v1:starter+monotone_pit_cdf_v1]+prior_combo[joint_sampler_v1+joint_combo_pmf_v1+role_aware_pmf_cal_v1:starter+monotone_pit_cdf_v1]+stat_grid_final_component_convolution_mean_coherent_v1",phase8_role_aware_pmf_cal_v1+monotone_inactive_global_v1,phase8_pmf_cal,starter,derived_from_projected_minutes,29.0546,30.7465,0.05,31.3738,31.3738,31,31,0.0,1.0,1.0,1.0,1.0,1.0,1.0,1.0,0.9999,0.9999,0.9997,0.9995,0.999,0.9983,0.9972,0.9955,0.993,0.9894,0.984,0.9766,0.9663,1.0,-1159056867.0,1159056867.0,morning,2026-05-30T22:47:50Z,6233da92#phase10c,30c4e23e-47a2-4ac0-bf0b-c3c6422ca067,ok,0.0,high,full,current_phase8,fallback_used,projected,derived_from_projected_minutes,bdl_plus_nba_official,2026-05-30T22:46:57Z,projected,not_available_yet,bdl_lineup_freshness_manifest,2026-05-30T21:12:58Z,model_grid
Stephon Castle,1028025261,SAS,OKC,False,21713534,pra,2.5,2.5,"stat_grid:component_convolution_mean_coherent_v1+components[pts:pmf_sim_v1+role_aware_pmf_cal_v1:starter+monotone_pit_cdf_v1,reb:pmf_sim_v1+role_aware_pmf_cal_v1:starter+monotone_pit_cdf_v1,ast:pmf_sim_v1+role_aware_pmf_cal_v1:starter+monotone_pit_cdf_v1]+prior_combo[joint_sampler_v1+joint_combo_pmf_v1+role_aware_pmf_cal_v1:starter+monotone_pit_cdf_v1]+stat_grid_final_component_convolution_mean_coherent_v1",phase8_role_aware_pmf_cal_v1+monotone_inactive_global_v1,phase8_pmf_cal,starter,derived_from_projected_minutes,29.0546,30.7465,0.05,31.3738,31.3738,31,31,0.0,1.0,1.0,1.0,1.0,1.0,1.0,1.0,0.9999,0.9999,0.9997,0.9995,0.999,0.9983,0.9972,0.9955,0.993,0.9894,0.984,0.9766,0.9663,1.0,-278902532.0,278902532.0,morning,2026-05-30T22:47:50Z,6233da92#phase10c,30c4e23e-47a2-4ac0-bf0b-c3c6422ca067,ok,0.0,high,full,current_phase8,fallback_used,projected,derived_from_projected_minutes,bdl_plus_nba_official,2026-05-30T22:46:57Z,projected,not_available_yet,bdl_lineup_freshness_manifest,2026-05-30T21:12:58Z,model_grid
Stephon Castle,1028025261,SAS,OKC,False,21713534,pra,3.5,3.5,"stat_grid:component_convolution_mean_coherent_v1+components[pts:pmf_sim_v1+role_aware_pmf_cal_v1:starter+monotone_pit_cdf_v1,reb:pmf_sim_v1+role_aware_pmf_cal_v1:starter+monotone_pit_cdf_v1,ast:pmf_sim_v1+role_aware_pmf_cal_v1:starter+monotone_pit_cdf_v1]+prior_combo[joint_sampler_v1+joint_combo_pmf_v1+role_aware_pmf_cal_v1:starter+monotone_pit_cdf_v1]+stat_grid_final_component_convolution_mean_coherent_v1",phase8_role_aware_pmf_cal_v1+monotone_inactive_global_v1,phase8_pmf_cal,starter,derived_from_projected_minutes,29.0546,30.7465,0.05,31.3738,31.3738,31,31,0.0,1.0,1.0,1.0,1.0,1.0,1.0,1.0,0.9999,0.9999,0.9997,0.9995,0.999,0.9983,0.9972,0.9955,0.993,0.9894,0.984,0.9766,0.9663,1.0,-83664439.0,83664439.0,morning,2026-05-30T22:47:50Z,6233da92#phase10c,30c4e23e-47a2-4ac0-bf0b-c3c6422ca067,ok,0.0,high,full,current_phase8,fallback_used,projected,derived_from_projected_minutes,bdl_plus_nba_official,2026-05-30T22:46:57Z,projected,not_available_yet,bdl_lineup_freshness_manifest,2026-05-30T21:12:58Z,model_grid
Stephon Castle,1028025261,SAS,OKC,False,21713534,pra,4.5,4.5,"stat_grid:component_convolution_mean_coherent_v1+components[pts:pmf_sim_v1+role_aware_pmf_cal_v1:starter+monotone_pit_cdf_v1,reb:pmf_sim_v1+role_aware_pmf_cal_v1:starter+monotone_pit_cdf_v1,ast:pmf_sim_v1+role_aware_pmf_cal_v1:starter+monotone_pit_cdf_v1]+prior_combo[joint_sampler_v1+joint_combo_pmf_v1+role_aware_pmf_cal_v1:starter+monotone_pit_cdf_v1]+stat_grid_final_component_convolution_mean_coherent_v1",phase8_role_aware_pmf_cal_v1+monotone_inactive_global_v1,phase8_pmf_cal,starter,derived_from_projected_minutes,29.0546,30.7465,0.05,31.3738,31.3738,31,31,0.0,1.0,1.0,1.0,1.0,1.0,1.0,1.0,0.9999,0.9999,0.9997,0.9995,0.999,0.9983,0.9972,0.9955,0.993,0.9894,0.984,0.9766,0.9663,1.0,-27736890.0,27736890.0,morning,2026-05-30T22:47:50Z,6233da92#phase10c,30c4e23e-47a2-4ac0-bf0b-c3c6422ca067,ok,0.0,high,full,current_phase8,fallback_used,projected,derived_from_projected_minutes,bdl_plus_nba_official,2026-05-30T22:46:57Z,projected,not_available_yet,bdl_lineup_freshness_manifest,2026-05-30T21:12:58Z,model_grid
Stephon Castle,1028025261,SAS,OKC,False,21713534,pra,5.5,5.5,"stat_grid:component_convolution_mean_coherent_v1+components[pts:pmf_sim_v1+role_aware_pmf_cal_v1:starter+monotone_pit_cdf_v1,reb:pmf_sim_v1+role_aware_pmf_cal_v1:starter+monotone_pit_cdf_v1,ast:pmf_sim_v1+role_aware_pmf_cal_v1:starter+monotone_pit_cdf_v1]+prior_combo[joint_sampler_v1+joint_combo_pmf_v1+role_aware_pmf_cal_v1:starter+monotone_pit_cdf_v1]+stat_grid_final_component_convolution_mean_coherent_v1",phase8_role_aware_pmf_cal_v1+monotone_inactive_global_v1,phase8_pmf_cal,starter,derived_from_projected_minutes,29.0546,30.7465,0.05,31.3738,31.3738,31,31,0.0,1.0,1.0,1.0,1.0,1.0,1.0,1.0,0.9999,0.9999,0.9997,0.9995,0.999,0.9983,0.9972,0.9955,0.993,0.9894,0.984,0.9766,0.9663,1.0,-9917996.0,9917996.0,morning,2026-05-30T22:47:50Z,6233da92#phase10c,30c4e23e-47a2-4ac0-bf0b-c3c6422ca067,ok,0.0,high,full,current_phase8,fallback_used,projected,derived_from_projected_minutes,bdl_plus_nba_official,2026-05-30T22:46:57Z,projected,not_available_yet,bdl_lineup_freshness_manifest,2026-05-30T21:12:58Z,model_grid
Stephon Castle,1028025261,SAS,OKC,False,21713534,pra,6.5,6.5,"stat_grid:component_convolution_mean_coherent_v1+components[pts:pmf_sim_v1+role_aware_pmf_cal_v1:starter+monotone_pit_cdf_v1,reb:pmf_sim_v1+role_aware_pmf_cal_v1:starter+monotone_pit_cdf_v1,ast:pmf_sim_v1+role_aware_pmf_cal_v1:starter+monotone_pit_cdf_v1]+prior_combo[joint_sampler_v1+joint_combo_pmf_v1+role_aware_pmf_cal_v1:starter+monotone_pit_cdf_v1]+stat_grid_final_component_convolution_mean_coherent_v1",phase8_role_aware_pmf_cal_v1+monotone_inactive_global_v1,phase8_pmf_cal,starter,derived_from_projected_minutes,29.0546,30.7465,0.05,31.3738,31.3738,31,31,0.0,1.0,1.0,1.0,1.0,1.0,1.0,1.0,0.9999,0.9999,0.9997,0.9995,0.999,0.9983,0.9972,0.9955,0.993,0.9894,0.984,0.9766,0.9663,1.0,-3898173.0,3898173.0,morning,2026-05-30T22:47:50Z,6233da92#phase10c,30c4e23e-47a2-4ac0-bf0b-c3c6422ca067,ok,0.0,high,full,current_phase8,fallback_used,projected,derived_from_projected_minutes,bdl_plus_nba_official,2026-05-30T22:46:57Z,projected,not_available_yet,bdl_lineup_freshness_manifest,2026-05-30T21:12:58Z,model_grid
Stephon Castle,1028025261,SAS,OKC,False,21713534,pra,7.5,7.5,"stat_grid:component_convolution_mean_coherent_v1+components[pts:pmf_sim_v1+role_aware_pmf_cal_v1:starter+monotone_pit_cdf_v1,reb:pmf_sim_v1+role_aware_pmf_cal_v1:starter+monotone_pit_cdf_v1,ast:pmf_sim_v1+role_aware_pmf_cal_v1:starter+monotone_pit_cdf_v1]+prior_combo[joint_sampler_v1+joint_combo_pmf_v1+role_aware_pmf_cal_v1:starter+monotone_pit_cdf_v1]+stat_grid_final_component_convolution_mean_coherent_v1",phase8_role_aware_pmf_cal_v1+monotone_inactive_global_v1,phase8_pmf_cal,starter,derived_from_projected_minutes,29.0546,30.7465,0.05,31.3738,31.3738,31,31,0.0,1.0,1.0,1.0,1.0,1.0,1.0,1.0,0.9999,0.9999,0.9997,0.9995,0.999,0.9983,0.9972,0.9955,0.993,0.9894,0.984,0.9766,0.9663,0.9999,-1656621.0,1656621.0,morning,2026-05-30T22:47:50Z,6233da92#phase10c,30c4e23e-47a2-4ac0-bf0b-c3c6422ca067,ok,0.0,high,full,current_phase8,fallback_used,projected,derived_from_projected_minutes,bdl_plus_nba_official,2026-05-30T22:46:57Z,projected,not_available_yet,bdl_lineup_freshness_manifest,2026-05-30T21:12:58Z,model_grid
Stephon Castle,1028025261,SAS,OKC,False,21713534,pra,8.5,8.5,"stat_grid:component_convolution_mean_coherent_v1+components[pts:pmf_sim_v1+role_aware_pmf_cal_v1:starter+monotone_pit_cdf_v1,reb:pmf_sim_v1+role_aware_pmf_cal_v1:starter+monotone_pit_cdf_v1,ast:pmf_sim_v1+role_aware_pmf_cal_v1:starter+monotone_pit_cdf_v1]+prior_combo[joint_sampler_v1+joint_combo_pmf_v1+role_aware_pmf_cal_v1:starter+monotone_pit_cdf_v1]+stat_grid_final_component_convolution_mean_coherent_v1",phase8_role_aware_pmf_cal_v1+monotone_inactive_global_v1,phase8_pmf_cal,starter,derived_from_projected_minutes,29.0546,30.7465,0.05,31.3738,31.3738,31,31,0.0,1.0,1.0,1.0,1.0,1.0,1.0,1.0,0.9999,0.9999,0.9997,0.9995,0.999,0.9983,0.9972,0.9955,0.993,0.9894,0.984,0.9766,0.9663,0.9999,-747332.0,747332.0,morning,2026-05-30T22:47:50Z,6233da92#phase10c,30c4e23e-47a2-4ac0-bf0b-c3c6422ca067,ok,0.0,high,full,current_phase8,fallback_used,projected,derived_from_projected_minutes,bdl_plus_nba_official,2026-05-30T22:46:57Z,projected,not_available_yet,bdl_lineup_freshness_manifest,2026-05-30T21:12:58Z,model_grid
Stephon Castle,1028025261,SAS,OKC,False,21713534,pra,9.5,9.5,"stat_grid:component_convolution_mean_coherent_v1+components[pts:pmf_sim_v1+role_aware_pmf_cal_v1:starter+monotone_pit_cdf_v1,reb:pmf_sim_v1+role_aware_pmf_cal_v1:starter+monotone_pit_cdf_v1,ast:pmf_sim_v1+role_aware_pmf_cal_v1:starter+monotone_pit_cdf_v1]+prior_combo[joint_sampler_v1+joint_combo_pmf_v1+role_aware_pmf_cal_v1:starter+monotone_pit_cdf_v1]+stat_grid_final_component_convolution_mean_coherent_v1",phase8_role_aware_pmf_cal_v1+monotone_inactive_global_v1,phase8_pmf_cal,starter,derived_from_projected_minutes,29.0546,30.7465,0.05,31.3738,31.3738,31,31,0.0,1.0,1.0,1.0,1.0,1.0,1.0,1.0,0.9999,0.9999,0.9997,0.9995,0.999,0.9983,0.9972,0.9955,0.993,0.9894,0.984,0.9766,0.9663,0.9997,-360126.0,360126.0,morning,2026-05-30T22:47:50Z,6233da92#phase10c,30c4e23e-47a2-4ac0-bf0b-c3c6422ca067,ok,0.0,high,full,current_phase8,fallback_used,projected,derived_from_projected_minutes,bdl_plus_nba_official,2026-05-30T22:46:57Z,projected,not_available_yet,bdl_lineup_freshness_manifest,2026-05-30T21:12:58Z,model_grid
Stephon Castle,1028025261,SAS,OKC,False,21713534,pra,10.5,10.5,"stat_grid:component_convolution_mean_coherent_v1+components[pts:pmf_sim_v1+role_aware_pmf_cal_v1:starter+monotone_pit_cdf_v1,reb:pmf_sim_v1+role_aware_pmf_cal_v1:starter+monotone_pit_cdf_v1,ast:pmf_sim_v1+role_aware_pmf_cal_v1:starter+monotone_pit_cdf_v1]+prior_combo[joint_sampler_v1+joint_combo_pmf_v1+role_aware_pmf_cal_v1:starter+monotone_pit_cdf_v1]+stat_grid_final_component_convolution_mean_coherent_v1",phase8_role_aware_pmf_cal_v1+monotone_inactive_global_v1,phase8_pmf_cal,starter,derived_from_projected_minutes,29.0546,30.7465,0.05,31.3738,31.3738,31,31,0.0,1.0,1.0,1.0,1.0,1.0,1.0,1.0,0.9999,0.9999,0.9997,0.9995,0.999,0.9983,0.9972,0.9955,0.993,0.9894,0.984,0.9766,0.9663,0.9995,-185344.0,185344.0,morning,2026-05-30T22:47:50Z,6233da92#phase10c,30c4e23e-47a2-4ac0-bf0b-c3c6422ca067,ok,0.0,high,full,current_phase8,fallback_used,projected,derived_from_projected_minutes,bdl_plus_nba_official,2026-05-30T22:46:57Z,projected,not_available_yet,bdl_lineup_freshness_manifest,2026-05-30T21:12:58Z,model_grid
Stephon Castle,1028025261,SAS,OKC,False,21713534,pra,11.5,11.5,"stat_grid:component_convolution_mean_coherent_v1+components[pts:pmf_sim_v1+role_aware_pmf_cal_v1:starter+monotone_pit_cdf_v1,reb:pmf_sim_v1+role_aware_pmf_cal_v1:starter+monotone_pit_cdf_v1,ast:pmf_sim_v1+role_aware_pmf_cal_v1:starter+monotone_pit_cdf_v1]+prior_combo[joint_sampler_v1+joint_combo_pmf_v1+role_aware_pmf_cal_v1:starter+monotone_pit_cdf_v1]+stat_grid_final_component_convolution_mean_coherent_v1",phase8_role_aware_pmf_cal_v1+monotone_inactive_global_v1,phase8_pmf_cal,starter,derived_from_projected_minutes,29.0546,30.7465,0.05,31.3738,31.3738,31,31,0.0,1.0,1.0,1.0,1.0,1.0,1.0,1.0,0.9999,0.9999,0.9997,0.9995,0.999,0.9983,0.9972,0.9955,0.993,0.9894,0.984,0.9766,0.9663,0.999,-101639.0,101639.0,morning,2026-05-30T22:47:50Z,6233da92#phase10c,30c4e23e-47a2-4ac0-bf0b-c3c6422ca067,ok,0.0,high,full,current_phase8,fallback_used,projected,derived_from_projected_minutes,bdl_plus_nba_official,2026-05-30T22:46:57Z,projected,not_available_yet,bdl_lineup_freshness_manifest,2026-05-30T21:12:58Z,model_grid
Stephon Castle,1028025261,SAS,OKC,False,21713534,pra,12.5,12.5,"stat_grid:component_convolution_mean_coherent_v1+components[pts:pmf_sim_v1+role_aware_pmf_cal_v1:starter+monotone_pit_cdf_v1,reb:pmf_sim_v1+role_aware_pmf_cal_v1:starter+monotone_pit_cdf_v1,ast:pmf_sim_v1+role_aware_pmf_cal_v1:starter+monotone_pit_cdf_v1]+prior_combo[joint_sampler_v1+joint_combo_pmf_v1+role_aware_pmf_cal_v1:starter+monotone_pit_cdf_v1]+stat_grid_final_component_convolution_mean_coherent_v1",phase8_role_aware_pmf_cal_v1+monotone_inactive_global_v1,phase8_pmf_cal,starter,derived_from_projected_minutes,29.0546,30.7465,0.05,31.3738,31.3738,31,31,0.0,1.0,1.0,1.0,1.0,1.0,1.0,1.0,0.9999,0.9999,0.9997,0.9995,0.999,0.9983,0.9972,0.9955,0.993,0.9894,0.984,0.9766,0.9663,0.9983,-58947.0,58947.0,morning,2026-05-30T22:47:50Z,6233da92#phase10c,30c4e23e-47a2-4ac0-bf0b-c3c6422ca067,ok,0.0,high,full,current_phase8,fallback_used,projected,derived_from_projected_minutes,bdl_plus_nba_official,2026-05-30T22:46:57Z,projected,not_available_yet,bdl_lineup_freshness_manifest,2026-05-30T21:12:58Z,model_grid
Stephon Castle,1028025261,SAS,OKC,False,21713534,pra,13.5,13.5,"stat_grid:component_convolution_mean_coherent_v1+components[pts:pmf_sim_v1+role_aware_pmf_cal_v1:starter+monotone_pit_cdf_v1,reb:pmf_sim_v1+role_aware_pmf_cal_v1:starter+monotone_pit_cdf_v1,ast:pmf_sim_v1+role_aware_pmf_cal_v1:starter+monotone_pit_cdf_v1]+prior_combo[joint_sampler_v1+joint_combo_pmf_v1+role_aware_pmf_cal_v1:starter+monotone_pit_cdf_v1]+stat_grid_final_component_convolution_mean_coherent_v1",phase8_role_aware_pmf_cal_v1+monotone_inactive_global_v1,phase8_pmf_cal,starter,derived_from_projected_minutes,29.0546,30.7465,0.05,31.3738,31.3738,31,31,0.0,1.0,1.0,1.0,1.0,1.0,1.0,1.0,0.9999,0.9999,0.9997,0.9995,0.999,0.9983,0.9972,0.9955,0.993,0.9894,0.984,0.9766,0.9663,0.9972,-35668.0,35668.0,morning,2026-05-30T22:47:50Z,6233da92#phase10c,30c4e23e-47a2-4ac0-bf0b-c3c6422ca067,ok,0.0,high,full,current_phase8,fallback_used,projected,derived_from_projected_minutes,bdl_plus_nba_official,2026-05-30T22:46:57Z,projected,not_available_yet,bdl_lineup_freshness_manifest,2026-05-30T21:12:58Z,model_grid
Stephon Castle,1028025261,SAS,OKC,False,21713534,pra,14.5,14.5,"stat_grid:component_convolution_mean_coherent_v1+components[pts:pmf_sim_v1+role_aware_pmf_cal_v1:starter+monotone_pit_cdf_v1,reb:pmf_sim_v1+role_aware_pmf_cal_v1:starter+monotone_pit_cdf_v1,ast:pmf_sim_v1+role_aware_pmf_cal_v1:starter+monotone_pit_cdf_v1]+prior_combo[joint_sampler_v1+joint_combo_pmf_v1+role_aware_pmf_cal_v1:starter+monotone_pit_cdf_v1]+stat_grid_final_component_convolution_mean_coherent_v1",phase8_role_aware_pmf_cal_v1+monotone_inactive_global_v1,phase8_pmf_cal,starter,derived_from_projected_minutes,29.0546,30.7465,0.05,31.3738,31.3738,31,31,0.0,1.0,1.0,1.0,1.0,1.0,1.0,1.0,0.9999,0.9999,0.9997,0.9995,0.999,0.9983,0.9972,0.9955,0.993,0.9894,0.984,0.9766,0.9663,0.9955,-22277.0,22277.0,morning,2026-05-30T22:47:50Z,6233da92#phase10c,30c4e23e-47a2-4ac0-bf0b-c3c6422ca067,ok,0.0,high,full,current_phase8,fallback_used,projected,derived_from_projected_minutes,bdl_plus_nba_official,2026-05-30T22:46:57Z,projected,not_available_yet,bdl_lineup_freshness_manifest,2026-05-30T21:12:58Z,model_grid
Stephon Castle,1028025261,SAS,OKC,False,21713534,pra,15.5,15.5,"stat_grid:component_convolution_mean_coherent_v1+components[pts:pmf_sim_v1+role_aware_pmf_cal_v1:starter+monotone_pit_cdf_v1,reb:pmf_sim_v1+role_aware_pmf_cal_v1:starter+monotone_pit_cdf_v1,ast:pmf_sim_v1+role_aware_pmf_cal_v1:starter+monotone_pit_cdf_v1]+prior_combo[joint_sampler_v1+joint_combo_pmf_v1+role_aware_pmf_cal_v1:starter+monotone_pit_cdf_v1]+stat_grid_final_component_convolution_mean_coherent_v1",phase8_role_aware_pmf_cal_v1+monotone_inactive_global_v1,phase8_pmf_cal,starter,derived_from_projected_minutes,29.0546,30.7465,0.05,31.3738,31.3738,31,31,0.0,1.0,1.0,1.0,1.0,1.0,1.0,1.0,0.9999,0.9999,0.9997,0.9995,0.999,0.9983,0.9972,0.9955,0.993,0.9894,0.984,0.9766,0.9663,0.993,-14262.0,14262.0,morning,2026-05-30T22:47:50Z,6233da92#phase10c,30c4e23e-47a2-4ac0-bf0b-c3c6422ca067,ok,0.0,high,full,current_phase8,fallback_used,projected,derived_from_projected_minutes,bdl_plus_nba_official,2026-05-30T22:46:57Z,projected,not_available_yet,bdl_lineup_freshness_manifest,2026-05-30T21:12:58Z,model_grid
Stephon Castle,1028025261,SAS,OKC,False,21713534,pra,16.5,16.5,"stat_grid:component_convolution_mean_coherent_v1+components[pts:pmf_sim_v1+role_aware_pmf_cal_v1:starter+monotone_pit_cdf_v1,reb:pmf_sim_v1+role_aware_pmf_cal_v1:starter+monotone_pit_cdf_v1,ast:pmf_sim_v1+role_aware_pmf_cal_v1:starter+monotone_pit_cdf_v1]+prior_combo[joint_sampler_v1+joint_combo_pmf_v1+role_aware_pmf_cal_v1:starter+monotone_pit_cdf_v1]+stat_grid_final_component_convolution_mean_coherent_v1",phase8_role_aware_pmf_cal_v1+monotone_inactive_global_v1,phase8_pmf_cal,starter,derived_from_projected_minutes,29.0546,30.7465,0.05,31.3738,31.3738,31,31,0.0,1.0,1.0,1.0,1.0,1.0,1.0,1.0,0.9999,0.9999,0.9997,0.9995,0.999,0.9983,0.9972,0.9955,0.993,0.9894,0.984,0.9766,0.9663,0.9894,-9302.0,9302.0,morning,2026-05-30T22:47:50Z,6233da92#phase10c,30c4e23e-47a2-4ac0-bf0b-c3c6422ca067,ok,0.0,high,full,current_phase8,fallback_used,projected,derived_from_projected_minutes,bdl_plus_nba_official,2026-05-30T22:46:57Z,projected,not_available_yet,bdl_lineup_freshness_manifest,2026-05-30T21:12:58Z,model_grid
Stephon Castle,1028025261,SAS,OKC,False,21713534,pra,17.5,17.5,"stat_grid:component_convolution_mean_coherent_v1+components[pts:pmf_sim_v1+role_aware_pmf_cal_v1:starter+monotone_pit_cdf_v1,reb:pmf_sim_v1+role_aware_pmf_cal_v1:starter+monotone_pit_cdf_v1,ast:pmf_sim_v1+role_aware_pmf_cal_v1:starter+monotone_pit_cdf_v1]+prior_combo[joint_sampler_v1+joint_combo_pmf_v1+role_aware_pmf_cal_v1:starter+monotone_pit_cdf_v1]+stat_grid_final_component_convolution_mean_coherent_v1",phase8_role_aware_pmf_cal_v1+monotone_inactive_global_v1,phase8_pmf_cal,starter,derived_from_projected_minutes,29.0546,30.7465,0.05,31.3738,31.3738,31,31,0.0,1.0,1.0,1.0,1.0,1.0,1.0,1.0,0.9999,0.9999,0.9997,0.9995,0.999,0.9983,0.9972,0.9955,0.993,0.9894,0.984,0.9766,0.9663,0.984,-6169.0,6169.0,morning,2026-05-30T22:47:50Z,6233da92#phase10c,30c4e23e-47a2-4ac0-bf0b-c3c6422ca067,ok,0.0,high,full,current_phase8,fallback_used,projected,derived_from_projected_minutes,bdl_plus_nba_official,2026-05-30T22:46:57Z,projected,not_available_yet,bdl_lineup_freshness_manifest,2026-05-30T21:12:58Z,model_grid
Stephon Castle,1028025261,SAS,OKC,False,21713534,pra,18.5,18.5,"stat_grid:component_convolution_mean_coherent_v1+components[pts:pmf_sim_v1+role_aware_pmf_cal_v1:starter+monotone_pit_cdf_v1,reb:pmf_sim_v1+role_aware_pmf_cal_v1:starter+monotone_pit_cdf_v1,ast:pmf_sim_v1+role_aware_pmf_cal_v1:starter+monotone_pit_cdf_v1]+prior_combo[joint_sampler_v1+joint_combo_pmf_v1+role_aware_pmf_cal_v1:starter+monotone_pit_cdf_v1]+stat_grid_final_component_convolution_mean_coherent_v1",phase8_role_aware_pmf_cal_v1+monotone_inactive_global_v1,phase8_pmf_cal,starter,derived_from_projected_minutes,29.0546,30.7465,0.05,31.3738,31.3738,31,31,0.0,1.0,1.0,1.0,1.0,1.0,1.0,1.0,0.9999,0.9999,0.9997,0.9995,0.999,0.9983,0.9972,0.9955,0.993,0.9894,0.984,0.9766,0.9663,0.9766,-4166.0,4166.0,morning,2026-05-30T22:47:50Z,6233da92#phase10c,30c4e23e-47a2-4ac0-bf0b-c3c6422ca067,ok,0.0,high,full,current_phase8,fallback_used,projected,derived_from_projected_minutes,bdl_plus_nba_official,2026-05-30T22:46:57Z,projected,not_available_yet,bdl_lineup_freshness_manifest,2026-05-30T21:12:58Z,model_grid
Stephon Castle,1028025261,SAS,OKC,False,21713534,pra,19.5,19.5,"stat_grid:component_convolution_mean_coherent_v1+components[pts:pmf_sim_v1+role_aware_pmf_cal_v1:starter+monotone_pit_cdf_v1,reb:pmf_sim_v1+role_aware_pmf_cal_v1:starter+monotone_pit_cdf_v1,ast:pmf_sim_v1+role_aware_pmf_cal_v1:starter+monotone_pit_cdf_v1]+prior_combo[joint_sampler_v1+joint_combo_pmf_v1+role_aware_pmf_cal_v1:starter+monotone_pit_cdf_v1]+stat_grid_final_component_convolution_mean_coherent_v1",phase8_role_aware_pmf_cal_v1+monotone_inactive_global_v1,phase8_pmf_cal,starter,derived_from_projected_minutes,29.0546,30.7465,0.05,31.3738,31.3738,31,31,0.0,1.0,1.0,1.0,1.0,1.0,1.0,1.0,0.9999,0.9999,0.9997,0.9995,0.999,0.9983,0.9972,0.9955,0.993,0.9894,0.984,0.9766,0.9663,0.9663,-2871.0,2871.0,morning,2026-05-30T22:47:50Z,6233da92#phase10c,30c4e23e-47a2-4ac0-bf0b-c3c6422ca067,ok,0.0,high,full,current_phase8,fallback_used,projected,derived_from_projected_minutes,bdl_plus_nba_official,2026-05-30T22:46:57Z,projected,not_available_yet,bdl_lineup_freshness_manifest,2026-05-30T21:12:58Z,model_grid
Jared McCain,1028027372,OKC,SAS,True,21713534,pts,0.5,0.5,stat_grid:pmf_sim_v1+role_aware_pmf_cal_v1:rotation+monotone_pit_cdf_v1,phase8_role_aware_pmf_cal_v1+monotone_inactive_global_v1,role_aware_pmf_cal_v1,rotation,derived_from_projected_minutes,21.1877,20.2272,0.05,11.8971,11.8971,11,11,0.0341,0.9659,0.9321,0.9038,0.8746,0.8449,0.8086,0.7671,0.7169,0.6598,0.611,0.5472,0.482,0.4212,0.3742,0.326,0.2814,0.2415,0.2026,0.1768,0.1464,0.9659,-2831.0,2831.0,morning,2026-05-30T22:47:50Z,6233da92#phase10c,30c4e23e-47a2-4ac0-bf0b-c3c6422ca067,ok,0.0,high,full,current_phase8,fallback_used,projected,derived_from_projected_minutes,bdl_plus_nba_official,2026-05-30T22:46:57Z,projected,not_available_yet,bdl_lineup_freshness_manifest,2026-05-30T21:12:58Z,model_grid
Jared McCain,1028027372,OKC,SAS,True,21713534,pts,1.5,1.5,stat_grid:pmf_sim_v1+role_aware_pmf_cal_v1:rotation+monotone_pit_cdf_v1,phase8_role_aware_pmf_cal_v1+monotone_inactive_global_v1,role_aware_pmf_cal_v1,rotation,derived_from_projected_minutes,21.1877,20.2272,0.05,11.8971,11.8971,11,11,0.0341,0.9659,0.9321,0.9038,0.8746,0.8449,0.8086,0.7671,0.7169,0.6598,0.611,0.5472,0.482,0.4212,0.3742,0.326,0.2814,0.2415,0.2026,0.1768,0.1464,0.9321,-1372.0,1372.0,morning,2026-05-30T22:47:50Z,6233da92#phase10c,30c4e23e-47a2-4ac0-bf0b-c3c6422ca067,ok,0.0,high,full,current_phase8,fallback_used,projected,derived_from_projected_minutes,bdl_plus_nba_official,2026-05-30T22:46:57Z,projected,not_available_yet,bdl_lineup_freshness_manifest,2026-05-30T21:12:58Z,model_grid
Jared McCain,1028027372,OKC,SAS,True,21713534,pts,2.5,2.5,stat_grid:pmf_sim_v1+role_aware_pmf_cal_v1:rotation+monotone_pit_cdf_v1,phase8_role_aware_pmf_cal_v1+monotone_inactive_global_v1,role_aware_pmf_cal_v1,rotation,derived_from_projected_minutes,21.1877,20.2272,0.05,11.8971,11.8971,11,11,0.0341,0.9659,0.9321,0.9038,0.8746,0.8449,0.8086,0.7671,0.7169,0.6598,0.611,0.5472,0.482,0.4212,0.3742,0.326,0.2814,0.2415,0.2026,0.1768,0.1464,0.9038,-939.0,939.0,morning,2026-05-30T22:47:50Z,6233da92#phase10c,30c4e23e-47a2-4ac0-bf0b-c3c6422ca067,ok,0.0,high,full,current_phase8,fallback_used,projected,derived_from_projected_minutes,bdl_plus_nba_official,2026-05-30T22:46:57Z,projected,not_available_yet,bdl_lineup_freshness_manifest,2026-05-30T21:12:58Z,model_grid
Jared McCain,1028027372,OKC,SAS,True,21713534,pts,3.5,3.5,stat_grid:pmf_sim_v1+role_aware_pmf_cal_v1:rotation+monotone_pit_cdf_v1,phase8_role_aware_pmf_cal_v1+monotone_inactive_global_v1,role_aware_pmf_cal_v1,rotation,derived_from_projected_minutes,21.1877,20.2272,0.05,11.8971,11.8971,11,11,0.0341,0.9659,0.9321,0.9038,0.8746,0.8449,0.8086,0.7671,0.7169,0.6598,0.611,0.5472,0.482,0.4212,0.3742,0.326,0.2814,0.2415,0.2026,0.1768,0.1464,0.8746,-697.0,697.0,morning,2026-05-30T22:47:50Z,6233da92#phase10c,30c4e23e-47a2-4ac0-bf0b-c3c6422ca067,ok,0.0,high,full,current_phase8,fallback_used,projected,derived_from_projected_minutes,bdl_plus_nba_official,2026-05-30T22:46:57Z,projected,not_available_yet,bdl_lineup_freshness_manifest,2026-05-30T21:12:58Z,model_grid
Jared McCain,1028027372,OKC,SAS,True,21713534,pts,4.5,4.5,stat_grid:pmf_sim_v1+role_aware_pmf_cal_v1:rotation+monotone_pit_cdf_v1,phase8_role_aware_pmf_cal_v1+monotone_inactive_global_v1,role_aware_pmf_cal_v1,rotation,derived_from_projected_minutes,21.1877,20.2272,0.05,11.8971,11.8971,11,11,0.0341,0.9659,0.9321,0.9038,0.8746,0.8449,0.8086,0.7671,0.7169,0.6598,0.611,0.5472,0.482,0.4212,0.3742,0.326,0.2814,0.2415,0.2026,0.1768,0.1464,0.8449,-545.0,545.0,morning,2026-05-30T22:47:50Z,6233da92#phase10c,30c4e23e-47a2-4ac0-bf0b-c3c6422ca067,ok,0.0,high,full,current_phase8,fallback_used,projected,derived_from_projected_minutes,bdl_plus_nba_official,2026-05-30T22:46:57Z,projected,not_available_yet,bdl_lineup_freshness_manifest,2026-05-30T21:12:58Z,model_grid
Jared McCain,1028027372,OKC,SAS,True,21713534,pts,5.5,5.5,stat_grid:pmf_sim_v1+role_aware_pmf_cal_v1:rotation+monotone_pit_cdf_v1,phase8_role_aware_pmf_cal_v1+monotone_inactive_global_v1,role_aware_pmf_cal_v1,rotation,derived_from_projected_minutes,21.1877,20.2272,0.05,11.8971,11.8971,11,11,0.0341,0.9659,0.9321,0.9038,0.8746,0.8449,0.8086,0.7671,0.7169,0.6598,0.611,0.5472,0.482,0.4212,0.3742,0.326,0.2814,0.2415,0.2026,0.1768,0.1464,0.8086,-422.0,422.0,morning,2026-05-30T22:47:50Z,6233da92#phase10c,30c4e23e-47a2-4ac0-bf0b-c3c6422ca067,ok,0.0,high,full,current_phase8,fallback_used,projected,derived_from_projected_minutes,bdl_plus_nba_official,2026-05-30T22:46:57Z,projected,not_available_yet,bdl_lineup_freshness_manifest,2026-05-30T21:12:58Z,model_grid
Jared McCain,1028027372,OKC,SAS,True,21713534,pts,6.5,6.5,stat_grid:pmf_sim_v1+role_aware_pmf_cal_v1:rotation+monotone_pit_cdf_v1,phase8_role_aware_pmf_cal_v1+monotone_inactive_global_v1,role_aware_pmf_cal_v1,rotation,derived_from_projected_minutes,21.1877,20.2272,0.05,11.8971,11.8971,11,11,0.0341,0.9659,0.9321,0.9038,0.8746,0.8449,0.8086,0.7671,0.7169,0.6598,0.611,0.5472,0.482,0.4212,0.3742,0.326,0.2814,0.2415,0.2026,0.1768,0.1464,0.7671,-329.0,329.0,morning,2026-05-30T22:47:50Z,6233da92#phase10c,30c4e23e-47a2-4ac0-bf0b-c3c6422ca067,ok,0.0,high,full,current_phase8,fallback_used,projected,derived_from_projected_minutes,bdl_plus_nba_official,2026-05-30T22:46:57Z,projected,not_available_yet,bdl_lineup_freshness_manifest,2026-05-30T21:12:58Z,model_grid
Jared McCain,1028027372,OKC,SAS,True,21713534,pts,7.5,7.5,stat_grid:pmf_sim_v1+role_aware_pmf_cal_v1:rotation+monotone_pit_cdf_v1,phase8_role_aware_pmf_cal_v1+monotone_inactive_global_v1,role_aware_pmf_cal_v1,rotation,derived_from_projected_minutes,21.1877,20.2272,0.05,11.8971,11.8971,11,11,0.0341,0.9659,0.9321,0.9038,0.8746,0.8449,0.8086,0.7671,0.7169,0.6598,0.611,0.5472,0.482,0.4212,0.3742,0.326,0.2814,0.2415,0.2026,0.1768,0.1464,0.7169,-253.0,253.0,morning,2026-05-30T22:47:50Z,6233da92#phase10c,30c4e23e-47a2-4ac0-bf0b-c3c6422ca067,ok,0.0,high,full,current_phase8,fallback_used,projected,derived_from_projected_minutes,bdl_plus_nba_official,2026-05-30T22:46:57Z,projected,not_available_yet,bdl_lineup_freshness_manifest,2026-05-30T21:12:58Z,model_grid
Jared McCain,1028027372,OKC,SAS,True,21713534,pts,8.5,8.5,stat_grid:pmf_sim_v1+role_aware_pmf_cal_v1:rotation+monotone_pit_cdf_v1,phase8_role_aware_pmf_cal_v1+monotone_inactive_global_v1,role_aware_pmf_cal_v1,rotation,derived_from_projected_minutes,21.1877,20.2272,0.05,11.8971,11.8971,11,11,0.0341,0.9659,0.9321,0.9038,0.8746,0.8449,0.8086,0.7671,0.7169,0.6598,0.611,0.5472,0.482,0.4212,0.3742,0.326,0.2814,0.2415,0.2026,0.1768,0.1464,0.6598,-194.0,194.0,morning,2026-05-30T22:47:50Z,6233da92#phase10c,30c4e23e-47a2-4ac0-bf0b-c3c6422ca067,ok,0.0,high,full,current_phase8,fallback_used,projected,derived_from_projected_minutes,bdl_plus_nba_official,2026-05-30T22:46:57Z,projected,not_available_yet,bdl_lineup_freshness_manifest,2026-05-30T21:12:58Z,model_grid
Jared McCain,1028027372,OKC,SAS,True,21713534,pts,9.5,9.5,stat_grid:pmf_sim_v1+role_aware_pmf_cal_v1:rotation+monotone_pit_cdf_v1,phase8_role_aware_pmf_cal_v1+monotone_inactive_global_v1,role_aware_pmf_cal_v1,rotation,derived_from_projected_minutes,21.1877,20.2272,0.05,11.8971,11.8971,11,11,0.0341,0.9659,0.9321,0.9038,0.8746,0.8449,0.8086,0.7671,0.7169,0.6598,0.611,0.5472,0.482,0.4212,0.3742,0.326,0.2814,0.2415,0.2026,0.1768,0.1464,0.611,-157.0,157.0,morning,2026-05-30T22:47:50Z,6233da92#phase10c,30c4e23e-47a2-4ac0-bf0b-c3c6422ca067,ok,0.0,high,full,current_phase8,fallback_used,projected,derived_from_projected_minutes,bdl_plus_nba_official,2026-05-30T22:46:57Z,projected,not_available_yet,bdl_lineup_freshness_manifest,2026-05-30T21:12:58Z,model_grid
Jared McCain,1028027372,OKC,SAS,True,21713534,pts,10.5,10.5,stat_grid:pmf_sim_v1+role_aware_pmf_cal_v1:rotation+monotone_pit_cdf_v1,phase8_role_aware_pmf_cal_v1+monotone_inactive_global_v1,role_aware_pmf_cal_v1,rotation,derived_from_projected_minutes,21.1877,20.2272,0.05,11.8971,11.8971,11,11,0.0341,0.9659,0.9321,0.9038,0.8746,0.8449,0.8086,0.7671,0.7169,0.6598,0.611,0.5472,0.482,0.4212,0.3742,0.326,0.2814,0.2415,0.2026,0.1768,0.1464,0.5472,-121.0,121.0,morning,2026-05-30T22:47:50Z,6233da92#phase10c,30c4e23e-47a2-4ac0-bf0b-c3c6422ca067,ok,0.0,high,full,current_phase8,fallback_used,projected,derived_from_projected_minutes,bdl_plus_nba_official,2026-05-30T22:46:57Z,projected,not_available_yet,bdl_lineup_freshness_manifest,2026-05-30T21:12:58Z,model_grid
Jared McCain,1028027372,OKC,SAS,True,21713534,pts,11.5,11.5,stat_grid:pmf_sim_v1+role_aware_pmf_cal_v1:rotation+monotone_pit_cdf_v1,phase8_role_aware_pmf_cal_v1+monotone_inactive_global_v1,role_aware_pmf_cal_v1,rotation,derived_from_projected_minutes,21.1877,20.2272,0.05,11.8971,11.8971,11,11,0.0341,0.9659,0.9321,0.9038,0.8746,0.8449,0.8086,0.7671,0.7169,0.6598,0.611,0.5472,0.482,0.4212,0.3742,0.326,0.2814,0.2415,0.2026,0.1768,0.1464,0.482,107.0,-107.0,morning,2026-05-30T22:47:50Z,6233da92#phase10c,30c4e23e-47a2-4ac0-bf0b-c3c6422ca067,ok,0.0,high,full,current_phase8,fallback_used,projected,derived_from_projected_minutes,bdl_plus_nba_official,2026-05-30T22:46:57Z,projected,not_available_yet,bdl_lineup_freshness_manifest,2026-05-30T21:12:58Z,model_grid
Jared McCain,1028027372,OKC,SAS,True,21713534,pts,12.5,12.5,stat_grid:pmf_sim_v1+role_aware_pmf_cal_v1:rotation+monotone_pit_cdf_v1,phase8_role_aware_pmf_cal_v1+monotone_inactive_global_v1,role_aware_pmf_cal_v1,rotation,derived_from_projected_minutes,21.1877,20.2272,0.05,11.8971,11.8971,11,11,0.0341,0.9659,0.9321,0.9038,0.8746,0.8449,0.8086,0.7671,0.7169,0.6598,0.611,0.5472,0.482,0.4212,0.3742,0.326,0.2814,0.2415,0.2026,0.1768,0.1464,0.4212,137.0,-137.0,morning,2026-05-30T22:47:50Z,6233da92#phase10c,30c4e23e-47a2-4ac0-bf0b-c3c6422ca067,ok,0.0,high,full,current_phase8,fallback_used,projected,derived_from_projected_minutes,bdl_plus_nba_official,2026-05-30T22:46:57Z,projected,not_available_yet,bdl_lineup_freshness_manifest,2026-05-30T21:12:58Z,model_grid
Jared McCain,1028027372,OKC,SAS,True,21713534,pts,13.5,13.5,stat_grid:pmf_sim_v1+role_aware_pmf_cal_v1:rotation+monotone_pit_cdf_v1,phase8_role_aware_pmf_cal_v1+monotone_inactive_global_v1,role_aware_pmf_cal_v1,rotation,derived_from_projected_minutes,21.1877,20.2272,0.05,11.8971,11.8971,11,11,0.0341,0.9659,0.9321,0.9038,0.8746,0.8449,0.8086,0.7671,0.7169,0.6598,0.611,0.5472,0.482,0.4212,0.3742,0.326,0.2814,0.2415,0.2026,0.1768,0.1464,0.3742,167.0,-167.0,morning,2026-05-30T22:47:50Z,6233da92#phase10c,30c4e23e-47a2-4ac0-bf0b-c3c6422ca067,ok,0.0,high,full,current_phase8,fallback_used,projected,derived_from_projected_minutes,bdl_plus_nba_official,2026-05-30T22:46:57Z,projected,not_available_yet,bdl_lineup_freshness_manifest,2026-05-30T21:12:58Z,model_grid
Jared McCain,1028027372,OKC,SAS,True,21713534,pts,14.5,14.5,stat_grid:pmf_sim_v1+role_aware_pmf_cal_v1:rotation+monotone_pit_cdf_v1,phase8_role_aware_pmf_cal_v1+monotone_inactive_global_v1,role_aware_pmf_cal_v1,rotation,derived_from_projected_minutes,21.1877,20.2272,0.05,11.8971,11.8971,11,11,0.0341,0.9659,0.9321,0.9038,0.8746,0.8449,0.8086,0.7671,0.7169,0.6598,0.611,0.5472,0.482,0.4212,0.3742,0.326,0.2814,0.2415,0.2026,0.1768,0.1464,0.326,207.0,-207.0,morning,2026-05-30T22:47:50Z,6233da92#phase10c,30c4e23e-47a2-4ac0-bf0b-c3c6422ca067,ok,0.0,high,full,current_phase8,fallback_used,projected,derived_from_projected_minutes,bdl_plus_nba_official,2026-05-30T22:46:57Z,projected,not_available_yet,bdl_lineup_freshness_manifest,2026-05-30T21:12:58Z,model_grid
Jared McCain,1028027372,OKC,SAS,True,21713534,pts,15.5,15.5,stat_grid:pmf_sim_v1+role_aware_pmf_cal_v1:rotation+monotone_pit_cdf_v1,phase8_role_aware_pmf_cal_v1+monotone_inactive_global_v1,role_aware_pmf_cal_v1,rotation,derived_from_projected_minutes,21.1877,20.2272,0.05,11.8971,11.8971,11,11,0.0341,0.9659,0.9321,0.9038,0.8746,0.8449,0.8086,0.7671,0.7169,0.6598,0.611,0.5472,0.482,0.4212,0.3742,0.326,0.2814,0.2415,0.2026,0.1768,0.1464,0.2814,255.0,-255.0,morning,2026-05-30T22:47:50Z,6233da92#phase10c,30c4e23e-47a2-4ac0-bf0b-c3c6422ca067,ok,0.0,high,full,current_phase8,fallback_used,projected,derived_from_projected_minutes,bdl_plus_nba_official,2026-05-30T22:46:57Z,projected,not_available_yet,bdl_lineup_freshness_manifest,2026-05-30T21:12:58Z,model_grid
Jared McCain,1028027372,OKC,SAS,True,21713534,pts,16.5,16.5,stat_grid:pmf_sim_v1+role_aware_pmf_cal_v1:rotation+monotone_pit_cdf_v1,phase8_role_aware_pmf_cal_v1+monotone_inactive_global_v1,role_aware_pmf_cal_v1,rotation,derived_from_projected_minutes,21.1877,20.2272,0.05,11.8971,11.8971,11,11,0.0341,0.9659,0.9321,0.9038,0.8746,0.8449,0.8086,0.7671,0.7169,0.6598,0.611,0.5472,0.482,0.4212,0.3742,0.326,0.2814,0.2415,0.2026,0.1768,0.1464,0.2415,314.0,-314.0,morning,2026-05-30T22:47:50Z,6233da92#phase10c,30c4e23e-47a2-4ac0-bf0b-c3c6422ca067,ok,0.0,high,full,current_phase8,fallback_used,projected,derived_from_projected_minutes,bdl_plus_nba_official,2026-05-30T22:46:57Z,projected,not_available_yet,bdl_lineup_freshness_manifest,2026-05-30T21:12:58Z,model_grid
Jared McCain,1028027372,OKC,SAS,True,21713534,pts,17.5,17.5,stat_grid:pmf_sim_v1+role_aware_pmf_cal_v1:rotation+monotone_pit_cdf_v1,phase8_role_aware_pmf_cal_v1+monotone_inactive_global_v1,role_aware_pmf_cal_v1,rotation,derived_from_projected_minutes,21.1877,20.2272,0.05,11.8971,11.8971,11,11,0.0341,0.9659,0.9321,0.9038,0.8746,0.8449,0.8086,0.7671,0.7169,0.6598,0.611,0.5472,0.482,0.4212,0.3742,0.326,0.2814,0.2415,0.2026,0.1768,0.1464,0.2026,393.0,-393.0,morning,2026-05-30T22:47:50Z,6233da92#phase10c,30c4e23e-47a2-4ac0-bf0b-c3c6422ca067,ok,0.0,high,full,current_phase8,fallback_used,projected,derived_from_projected_minutes,bdl_plus_nba_official,2026-05-30T22:46:57Z,projected,not_available_yet,bdl_lineup_freshness_manifest,2026-05-30T21:12:58Z,model_grid
Jared McCain,1028027372,OKC,SAS,True,21713534,pts,18.5,18.5,stat_grid:pmf_sim_v1+role_aware_pmf_cal_v1:rotation+monotone_pit_cdf_v1,phase8_role_aware_pmf_cal_v1+monotone_inactive_global_v1,role_aware_pmf_cal_v1,rotation,derived_from_projected_minutes,21.1877,20.2272,0.05,11.8971,11.8971,11,11,0.0341,0.9659,0.9321,0.9038,0.8746,0.8449,0.8086,0.7671,0.7169,0.6598,0.611,0.5472,0.482,0.4212,0.3742,0.326,0.2814,0.2415,0.2026,0.1768,0.1464,0.1768,466.0,-466.0,morning,2026-05-30T22:47:50Z,6233da92#phase10c,30c4e23e-47a2-4ac0-bf0b-c3c6422ca067,ok,0.0,high,full,current_phase8,fallback_used,projected,derived_from_projected_minutes,bdl_plus_nba_official,2026-05-30T22:46:57Z,projected,not_available_yet,bdl_lineup_freshness_manifest,2026-05-30T21:12:58Z,model_grid
Jared McCain,1028027372,OKC,SAS,True,21713534,pts,19.5,19.5,stat_grid:pmf_sim_v1+role_aware_pmf_cal_v1:rotation+monotone_pit_cdf_v1,phase8_role_aware_pmf_cal_v1+monotone_inactive_global_v1,role_aware_pmf_cal_v1,rotation,derived_from_projected_minutes,21.1877,20.2272,0.05,11.8971,11.8971,11,11,0.0341,0.9659,0.9321,0.9038,0.8746,0.8449,0.8086,0.7671,0.7169,0.6598,0.611,0.5472,0.482,0.4212,0.3742,0.326,0.2814,0.2415,0.2026,0.1768,0.1464,0.1464,583.0,-583.0,morning,2026-05-30T22:47:50Z,6233da92#phase10c,30c4e23e-47a2-4ac0-bf0b-c3c6422ca067,ok,0.0,high,full,current_phase8,fallback_used,projected,derived_from_projected_minutes,bdl_plus_nba_official,2026-05-30T22:46:57Z,projected,not_available_yet,bdl_lineup_freshness_manifest,2026-05-30T21:12:58Z,model_grid
Jared McCain,1028027372,OKC,SAS,True,21713534,pts,20.5,20.5,stat_grid:pmf_sim_v1+role_aware_pmf_cal_v1:rotation+monotone_pit_cdf_v1,phase8_role_aware_pmf_cal_v1+monotone_inactive_global_v1,role_aware_pmf_cal_v1,rotation,derived_from_projected_minutes,21.1877,20.2272,0.05,11.8971,11.8971,11,11,0.0341,0.9659,0.9321,0.9038,0.8746,0.8449,0.8086,0.7671,0.7169,0.6598,0.611,0.5472,0.482,0.4212,0.3742,0.326,0.2814,0.2415,0.2026,0.1768,0.1464,0.1159,763.0,-763.0,morning,2026-05-30T22:47:50Z,6233da92#phase10c,30c4e23e-47a2-4ac0-bf0b-c3c6422ca067,ok,0.0,high,full,current_phase8,fallback_used,projected,derived_from_projected_minutes,bdl_plus_nba_official,2026-05-30T22:46:57Z,projected,not_available_yet,bdl_lineup_freshness_manifest,2026-05-30T21:12:58Z,model_grid
Jared McCain,1028027372,OKC,SAS,True,21713534,pts,21.5,21.5,stat_grid:pmf_sim_v1+role_aware_pmf_cal_v1:rotation+monotone_pit_cdf_v1,phase8_role_aware_pmf_cal_v1+monotone_inactive_global_v1,role_aware_pmf_cal_v1,rotation,derived_from_projected_minutes,21.1877,20.2272,0.05,11.8971,11.8971,11,11,0.0341,0.9659,0.9321,0.9038,0.8746,0.8449,0.8086,0.7671,0.7169,0.6598,0.611,0.5472,0.482,0.4212,0.3742,0.326,0.2814,0.2415,0.2026,0.1768,0.1464,0.0991,909.0,-909.0,morning,2026-05-30T22:47:50Z,6233da92#phase10c,30c4e23e-47a2-4ac0-bf0b-c3c6422ca067,ok,0.0,high,full,current_phase8,fallback_used,projected,derived_from_projected_minutes,bdl_plus_nba_official,2026-05-30T22:46:57Z,projected,not_available_yet,bdl_lineup_freshness_manifest,2026-05-30T21:12:58Z,model_grid
Jared McCain,1028027372,OKC,SAS,True,21713534,pts,22.5,22.5,stat_grid:pmf_sim_v1+role_aware_pmf_cal_v1:rotation+monotone_pit_cdf_v1,phase8_role_aware_pmf_cal_v1+monotone_inactive_global_v1,role_aware_pmf_cal_v1,rotation,derived_from_projected_minutes,21.1877,20.2272,0.05,11.8971,11.8971,11,11,0.0341,0.9659,0.9321,0.9038,0.8746,0.8449,0.8086,0.7671,0.7169,0.6598,0.611,0.5472,0.482,0.4212,0.3742,0.326,0.2814,0.2415,0.2026,0.1768,0.1464,0.0858,1065.0,-1065.0,morning,2026-05-30T22:47:50Z,6233da92#phase10c,30c4e23e-47a2-4ac0-bf0b-c3c6422ca067,ok,0.0,high,full,current_phase8,fallback_used,projected,derived_from_projected_minutes,bdl_plus_nba_official,2026-05-30T22:46:57Z,projected,not_available_yet,bdl_lineup_freshness_manifest,2026-05-30T21:12:58Z,model_grid
Jared McCain,1028027372,OKC,SAS,True,21713534,pts,23.5,23.5,stat_grid:pmf_sim_v1+role_aware_pmf_cal_v1:rotation+monotone_pit_cdf_v1,phase8_role_aware_pmf_cal_v1+monotone_inactive_global_v1,role_aware_pmf_cal_v1,rotation,derived_from_projected_minutes,21.1877,20.2272,0.05,11.8971,11.8971,11,11,0.0341,0.9659,0.9321,0.9038,0.8746,0.8449,0.8086,0.7671,0.7169,0.6598,0.611,0.5472,0.482,0.4212,0.3742,0.326,0.2814,0.2415,0.2026,0.1768,0.1464,0.0638,1468.0,-1468.0,morning,2026-05-30T22:47:50Z,6233da92#phase10c,30c4e23e-47a2-4ac0-bf0b-c3c6422ca067,ok,0.0,high,full,current_phase8,fallback_used,projected,derived_from_projected_minutes,bdl_plus_nba_official,2026-05-30T22:46:57Z,projected,not_available_yet,bdl_lineup_freshness_manifest,2026-05-30T21:12:58Z,model_grid
Jared McCain,1028027372,OKC,SAS,True,21713534,pts,24.5,24.5,stat_grid:pmf_sim_v1+role_aware_pmf_cal_v1:rotation+monotone_pit_cdf_v1,phase8_role_aware_pmf_cal_v1+monotone_inactive_global_v1,role_aware_pmf_cal_v1,rotation,derived_from_projected_minutes,21.1877,20.2272,0.05,11.8971,11.8971,11,11,0.0341,0.9659,0.9321,0.9038,0.8746,0.8449,0.8086,0.7671,0.7169,0.6598,0.611,0.5472,0.482,0.4212,0.3742,0.326,0.2814,0.2415,0.2026,0.1768,0.1464,0.0528,1795.0,-1795.0,morning,2026-05-30T22:47:50Z,6233da92#phase10c,30c4e23e-47a2-4ac0-bf0b-c3c6422ca067,ok,0.0,high,full,current_phase8,fallback_used,projected,derived_from_projected_minutes,bdl_plus_nba_official,2026-05-30T22:46:57Z,projected,not_available_yet,bdl_lineup_freshness_manifest,2026-05-30T21:12:58Z,model_grid
Jared McCain,1028027372,OKC,SAS,True,21713534,pts,25.5,25.5,stat_grid:pmf_sim_v1+role_aware_pmf_cal_v1:rotation+monotone_pit_cdf_v1,phase8_role_aware_pmf_cal_v1+monotone_inactive_global_v1,role_aware_pmf_cal_v1,rotation,derived_from_projected_minutes,21.1877,20.2272,0.05,11.8971,11.8971,11,11,0.0341,0.9659,0.9321,0.9038,0.8746,0.8449,0.8086,0.7671,0.7169,0.6598,0.611,0.5472,0.482,0.4212,0.3742,0.326,0.2814,0.2415,0.2026,0.1768,0.1464,0.0416,2307.0,-2307.0,morning,2026-05-30T22:47:50Z,6233da92#phase10c,30c4e23e-47a2-4ac0-bf0b-c3c6422ca067,ok,0.0,high,full,current_phase8,fallback_used,projected,derived_from_projected_minutes,bdl_plus_nba_official,2026-05-30T22:46:57Z,projected,not_available_yet,bdl_lineup_freshness_manifest,2026-05-30T21:12:58Z,model_grid
Jared McCain,1028027372,OKC,SAS,True,21713534,pts,26.5,26.5,stat_grid:pmf_sim_v1+role_aware_pmf_cal_v1:rotation+monotone_pit_cdf_v1,phase8_role_aware_pmf_cal_v1+monotone_inactive_global_v1,role_aware_pmf_cal_v1,rotation,derived_from_projected_minutes,21.1877,20.2272,0.05,11.8971,11.8971,11,11,0.0341,0.9659,0.9321,0.9038,0.8746,0.8449,0.8086,0.7671,0.7169,0.6598,0.611,0.5472,0.482,0.4212,0.3742,0.326,0.2814,0.2415,0.2026,0.1768,0.1464,0.0318,3040.0,-3040.0,morning,2026-05-30T22:47:50Z,6233da92#phase10c,30c4e23e-47a2-4ac0-bf0b-c3c6422ca067,ok,0.0,high,full,current_phase8,fallback_used,projected,derived_from_projected_minutes,bdl_plus_nba_official,2026-05-30T22:46:57Z,projected,not_available_yet,bdl_lineup_freshness_manifest,2026-05-30T21:12:58Z,model_grid
Jared McCain,1028027372,OKC,SAS,True,21713534,pts,27.5,27.5,stat_grid:pmf_sim_v1+role_aware_pmf_cal_v1:rotation+monotone_pit_cdf_v1,phase8_role_aware_pmf_cal_v1+monotone_inactive_global_v1,role_aware_pmf_cal_v1,rotation,derived_from_projected_minutes,21.1877,20.2272,0.05,11.8971,11.8971,11,11,0.0341,0.9659,0.9321,0.9038,0.8746,0.8449,0.8086,0.7671,0.7169,0.6598,0.611,0.5472,0.482,0.4212,0.3742,0.326,0.2814,0.2415,0.2026,0.1768,0.1464,0.0259,3766.0,-3766.0,morning,2026-05-30T22:47:50Z,6233da92#phase10c,30c4e23e-47a2-4ac0-bf0b-c3c6422ca067,ok,0.0,high,full,current_phase8,fallback_used,projected,derived_from_projected_minutes,bdl_plus_nba_official,2026-05-30T22:46:57Z,projected,not_available_yet,bdl_lineup_freshness_manifest,2026-05-30T21:12:58Z,model_grid
Jared McCain,1028027372,OKC,SAS,True,21713534,pts,28.5,28.5,stat_grid:pmf_sim_v1+role_aware_pmf_cal_v1:rotation+monotone_pit_cdf_v1,phase8_role_aware_pmf_cal_v1+monotone_inactive_global_v1,role_aware_pmf_cal_v1,rotation,derived_from_projected_minutes,21.1877,20.2272,0.05,11.8971,11.8971,11,11,0.0341,0.9659,0.9321,0.9038,0.8746,0.8449,0.8086,0.7671,0.7169,0.6598,0.611,0.5472,0.482,0.4212,0.3742,0.326,0.2814,0.2415,0.2026,0.1768,0.1464,0.0196,5004.0,-5004.0,morning,2026-05-30T22:47:50Z,6233da92#phase10c,30c4e23e-47a2-4ac0-bf0b-c3c6422ca067,ok,0.0,high,full,current_phase8,fallback_used,projected,derived_from_projected_minutes,bdl_plus_nba_official,2026-05-30T22:46:57Z,projected,not_available_yet,bdl_lineup_freshness_manifest,2026-05-30T21:12:58Z,model_grid
Jared McCain,1028027372,OKC,SAS,True,21713534,pts,29.5,29.5,stat_grid:pmf_sim_v1+role_aware_pmf_cal_v1:rotation+monotone_pit_cdf_v1,phase8_role_aware_pmf_cal_v1+monotone_inactive_global_v1,role_aware_pmf_cal_v1,rotation,derived_from_projected_minutes,21.1877,20.2272,0.05,11.8971,11.8971,11,11,0.0341,0.9659,0.9321,0.9038,0.8746,0.8449,0.8086,0.7671,0.7169,0.6598,0.611,0.5472,0.482,0.4212,0.3742,0.326,0.2814,0.2415,0.2026,0.1768,0.1464,0.0179,5482.0,-5482.0,morning,2026-05-30T22:47:50Z,6233da92#phase10c,30c4e23e-47a2-4ac0-bf0b-c3c6422ca067,ok,0.0,high,full,current_phase8,fallback_used,projected,derived_from_projected_minutes,bdl_plus_nba_official,2026-05-30T22:46:57Z,projected,not_available_yet,bdl_lineup_freshness_manifest,2026-05-30T21:12:58Z,model_grid
Jared McCain,1028027372,OKC,SAS,True,21713534,pts,30.5,30.5,stat_grid:pmf_sim_v1+role_aware_pmf_cal_v1:rotation+monotone_pit_cdf_v1,phase8_role_aware_pmf_cal_v1+monotone_inactive_global_v1,role_aware_pmf_cal_v1,rotation,derived_from_projected_minutes,21.1877,20.2272,0.05,11.8971,11.8971,11,11,0.0341,0.9659,0.9321,0.9038,0.8746,0.8449,0.8086,0.7671,0.7169,0.6598,0.611,0.5472,0.482,0.4212,0.3742,0.326,0.2814,0.2415,0.2026,0.1768,0.1464,0.0129,7636.0,-7636.0,morning,2026-05-30T22:47:50Z,6233da92#phase10c,30c4e23e-47a2-4ac0-bf0b-c3c6422ca067,ok,0.0,high,full,current_phase8,fallback_used,projected,derived_from_projected_minutes,bdl_plus_nba_official,2026-05-30T22:46:57Z,projected,not_available_yet,bdl_lineup_freshness_manifest,2026-05-30T21:12:58Z,model_grid
Jared McCain,1028027372,OKC,SAS,True,21713534,pts,31.5,31.5,stat_grid:pmf_sim_v1+role_aware_pmf_cal_v1:rotation+monotone_pit_cdf_v1,phase8_role_aware_pmf_cal_v1+monotone_inactive_global_v1,role_aware_pmf_cal_v1,rotation,derived_from_projected_minutes,21.1877,20.2272,0.05,11.8971,11.8971,11,11,0.0341,0.9659,0.9321,0.9038,0.8746,0.8449,0.8086,0.7671,0.7169,0.6598,0.611,0.5472,0.482,0.4212,0.3742,0.326,0.2814,0.2415,0.2026,0.1768,0.1464,0.0086,11573.0,-11573.0,morning,2026-05-30T22:47:50Z,6233da92#phase10c,30c4e23e-47a2-4ac0-bf0b-c3c6422ca067,ok,0.0,high,full,current_phase8,fallback_used,projected,derived_from_projected_minutes,bdl_plus_nba_official,2026-05-30T22:46:57Z,projected,not_available_yet,bdl_lineup_freshness_manifest,2026-05-30T21:12:58Z,model_grid
Jared McCain,1028027372,OKC,SAS,True,21713534,pts,32.5,32.5,stat_grid:pmf_sim_v1+role_aware_pmf_cal_v1:rotation+monotone_pit_cdf_v1,phase8_role_aware_pmf_cal_v1+monotone_inactive_global_v1,role_aware_pmf_cal_v1,rotation,derived_from_projected_minutes,21.1877,20.2272,0.05,11.8971,11.8971,11,11,0.0341,0.9659,0.9321,0.9038,0.8746,0.8449,0.8086,0.7671,0.7169,0.6598,0.611,0.5472,0.482,0.4212,0.3742,0.326,0.2814,0.2415,0.2026,0.1768,0.1464,0.0056,17839.0,-17839.0,morning,2026-05-30T22:47:50Z,6233da92#phase10c,30c4e23e-47a2-4ac0-bf0b-c3c6422ca067,ok,0.0,high,full,current_phase8,fallback_used,projected,derived_from_projected_minutes,bdl_plus_nba_official,2026-05-30T22:46:57Z,projected,not_available_yet,bdl_lineup_freshness_manifest,2026-05-30T21:12:58Z,model_grid
Jared McCain,1028027372,OKC,SAS,True,21713534,pts,33.5,33.5,stat_grid:pmf_sim_v1+role_aware_pmf_cal_v1:rotation+monotone_pit_cdf_v1,phase8_role_aware_pmf_cal_v1+monotone_inactive_global_v1,role_aware_pmf_cal_v1,rotation,derived_from_projected_minutes,21.1877,20.2272,0.05,11.8971,11.8971,11,11,0.0341,0.9659,0.9321,0.9038,0.8746,0.8449,0.8086,0.7671,0.7169,0.6598,0.611,0.5472,0.482,0.4212,0.3742,0.326,0.2814,0.2415,0.2026,0.1768,0.1464,0.004,25175.0,-25175.0,morning,2026-05-30T22:47:50Z,6233da92#phase10c,30c4e23e-47a2-4ac0-bf0b-c3c6422ca067,ok,0.0,high,full,current_phase8,fallback_used,projected,derived_from_projected_minutes,bdl_plus_nba_official,2026-05-30T22:46:57Z,projected,not_available_yet,bdl_lineup_freshness_manifest,2026-05-30T21:12:58Z,model_grid
Jared McCain,1028027372,OKC,SAS,True,21713534,pts,34.5,34.5,stat_grid:pmf_sim_v1+role_aware_pmf_cal_v1:rotation+monotone_pit_cdf_v1,phase8_role_aware_pmf_cal_v1+monotone_inactive_global_v1,role_aware_pmf_cal_v1,rotation,derived_from_projected_minutes,21.1877,20.2272,0.05,11.8971,11.8971,11,11,0.0341,0.9659,0.9321,0.9038,0.8746,0.8449,0.8086,0.7671,0.7169,0.6598,0.611,0.5472,0.482,0.4212,0.3742,0.326,0.2814,0.2415,0.2026,0.1768,0.1464,0.0033,29890.0,-29890.0,morning,2026-05-30T22:47:50Z,6233da92#phase10c,30c4e23e-47a2-4ac0-bf0b-c3c6422ca067,ok,0.0,high,full,current_phase8,fallback_used,projected,derived_from_projected_minutes,bdl_plus_nba_official,2026-05-30T22:46:57Z,projected,not_available_yet,bdl_lineup_freshness_manifest,2026-05-30T21:12:58Z,model_grid
Jared McCain,1028027372,OKC,SAS,True,21713534,pts,35.5,35.5,stat_grid:pmf_sim_v1+role_aware_pmf_cal_v1:rotation+monotone_pit_cdf_v1,phase8_role_aware_pmf_cal_v1+monotone_inactive_global_v1,role_aware_pmf_cal_v1,rotation,derived_from_projected_minutes,21.1877,20.2272,0.05,11.8971,11.8971,11,11,0.0341,0.9659,0.9321,0.9038,0.8746,0.8449,0.8086,0.7671,0.7169,0.6598,0.611,0.5472,0.482,0.4212,0.3742,0.326,0.2814,0.2415,0.2026,0.1768,0.1464,0.0031,32257.0,-32257.0,morning,2026-05-30T22:47:50Z,6233da92#phase10c,30c4e23e-47a2-4ac0-bf0b-c3c6422ca067,ok,0.0,high,full,current_phase8,fallback_used,projected,derived_from_projected_minutes,bdl_plus_nba_official,2026-05-30T22:46:57Z,projected,not_available_yet,bdl_lineup_freshness_manifest,2026-05-30T21:12:58Z,model_grid
Jared McCain,1028027372,OKC,SAS,True,21713534,pts,36.5,36.5,stat_grid:pmf_sim_v1+role_aware_pmf_cal_v1:rotation+monotone_pit_cdf_v1,phase8_role_aware_pmf_cal_v1+monotone_inactive_global_v1,role_aware_pmf_cal_v1,rotation,derived_from_projected_minutes,21.1877,20.2272,0.05,11.8971,11.8971,11,11,0.0341,0.9659,0.9321,0.9038,0.8746,0.8449,0.8086,0.7671,0.7169,0.6598,0.611,0.5472,0.482,0.4212,0.3742,0.326,0.2814,0.2415,0.2026,0.1768,0.1464,0.003,33715.0,-33715.0,morning,2026-05-30T22:47:50Z,6233da92#phase10c,30c4e23e-47a2-4ac0-bf0b-c3c6422ca067,ok,0.0,high,full,current_phase8,fallback_used,projected,derived_from_projected_minutes,bdl_plus_nba_official,2026-05-30T22:46:57Z,projected,not_available_yet,bdl_lineup_freshness_manifest,2026-05-30T21:12:58Z,model_grid
Jared McCain,1028027372,OKC,SAS,True,21713534,pts,37.5,37.5,stat_grid:pmf_sim_v1+role_aware_pmf_cal_v1:rotation+monotone_pit_cdf_v1,phase8_role_aware_pmf_cal_v1+monotone_inactive_global_v1,role_aware_pmf_cal_v1,rotation,derived_from_projected_minutes,21.1877,20.2272,0.05,11.8971,11.8971,11,11,0.0341,0.9659,0.9321,0.9038,0.8746,0.8449,0.8086,0.7671,0.7169,0.6598,0.611,0.5472,0.482,0.4212,0.3742,0.326,0.2814,0.2415,0.2026,0.1768,0.1464,0.0026,38405.0,-38405.0,morning,2026-05-30T22:47:50Z,6233da92#phase10c,30c4e23e-47a2-4ac0-bf0b-c3c6422ca067,ok,0.0,high,full,current_phase8,fallback_used,projected,derived_from_projected_minutes,bdl_plus_nba_official,2026-05-30T22:46:57Z,projected,not_available_yet,bdl_lineup_freshness_manifest,2026-05-30T21:12:58Z,model_grid
Jared McCain,1028027372,OKC,SAS,True,21713534,pts,38.5,38.5,stat_grid:pmf_sim_v1+role_aware_pmf_cal_v1:rotation+monotone_pit_cdf_v1,phase8_role_aware_pmf_cal_v1+monotone_inactive_global_v1,role_aware_pmf_cal_v1,rotation,derived_from_projected_minutes,21.1877,20.2272,0.05,11.8971,11.8971,11,11,0.0341,0.9659,0.9321,0.9038,0.8746,0.8449,0.8086,0.7671,0.7169,0.6598,0.611,0.5472,0.482,0.4212,0.3742,0.326,0.2814,0.2415,0.2026,0.1768,0.1464,0.0023,44271.0,-44271.0,morning,2026-05-30T22:47:50Z,6233da92#phase10c,30c4e23e-47a2-4ac0-bf0b-c3c6422ca067,ok,0.0,high,full,current_phase8,fallback_used,projected,derived_from_projected_minutes,bdl_plus_nba_official,2026-05-30T22:46:57Z,projected,not_available_yet,bdl_lineup_freshness_manifest,2026-05-30T21:12:58Z,model_grid
Jared McCain,1028027372,OKC,SAS,True,21713534,pts,39.5,39.5,stat_grid:pmf_sim_v1+role_aware_pmf_cal_v1:rotation+monotone_pit_cdf_v1,phase8_role_aware_pmf_cal_v1+monotone_inactive_global_v1,role_aware_pmf_cal_v1,rotation,derived_from_projected_minutes,21.1877,20.2272,0.05,11.8971,11.8971,11,11,0.0341,0.9659,0.9321,0.9038,0.8746,0.8449,0.8086,0.7671,0.7169,0.6598,0.611,0.5472,0.482,0.4212,0.3742,0.326,0.2814,0.2415,0.2026,0.1768,0.1464,0.002,49470.0,-49470.0,morning,2026-05-30T22:47:50Z,6233da92#phase10c,30c4e23e-47a2-4ac0-bf0b-c3c6422ca067,ok,0.0,high,full,current_phase8,fallback_used,projected,derived_from_projected_minutes,bdl_plus_nba_official,2026-05-30T22:46:57Z,projected,not_available_yet,bdl_lineup_freshness_manifest,2026-05-30T21:12:58Z,model_grid
Jared McCain,1028027372,OKC,SAS,True,21713534,pts,40.5,40.5,stat_grid:pmf_sim_v1+role_aware_pmf_cal_v1:rotation+monotone_pit_cdf_v1,phase8_role_aware_pmf_cal_v1+monotone_inactive_global_v1,role_aware_pmf_cal_v1,rotation,derived_from_projected_minutes,21.1877,20.2272,0.05,11.8971,11.8971,11,11,0.0341,0.9659,0.9321,0.9038,0.8746,0.8449,0.8086,0.7671,0.7169,0.6598,0.611,0.5472,0.482,0.4212,0.3742,0.326,0.2814,0.2415,0.2026,0.1768,0.1464,0.002,50877.0,-50877.0,morning,2026-05-30T22:47:50Z,6233da92#phase10c,30c4e23e-47a2-4ac0-bf0b-c3c6422ca067,ok,0.0,high,full,current_phase8,fallback_used,projected,derived_from_projected_minutes,bdl_plus_nba_official,2026-05-30T22:46:57Z,projected,not_available_yet,bdl_lineup_freshness_manifest,2026-05-30T21:12:58Z,model_grid
Jared McCain,1028027372,OKC,SAS,True,21713534,pts,41.5,41.5,stat_grid:pmf_sim_v1+role_aware_pmf_cal_v1:rotation+monotone_pit_cdf_v1,phase8_role_aware_pmf_cal_v1+monotone_inactive_global_v1,role_aware_pmf_cal_v1,rotation,derived_from_projected_minutes,21.1877,20.2272,0.05,11.8971,11.8971,11,11,0.0341,0.9659,0.9321,0.9038,0.8746,0.8449,0.8086,0.7671,0.7169,0.6598,0.611,0.5472,0.482,0.4212,0.3742,0.326,0.2814,0.2415,0.2026,0.1768,0.1464,0.0019,52349.0,-52349.0,morning,2026-05-30T22:47:50Z,6233da92#phase10c,30c4e23e-47a2-4ac0-bf0b-c3c6422ca067,ok,0.0,high,full,current_phase8,fallback_used,projected,derived_from_projected_minutes,bdl_plus_nba_official,2026-05-30T22:46:57Z,projected,not_available_yet,bdl_lineup_freshness_manifest,2026-05-30T21:12:58Z,model_grid
Jared McCain,1028027372,OKC,SAS,True,21713534,pts,42.5,42.5,stat_grid:pmf_sim_v1+role_aware_pmf_cal_v1:rotation+monotone_pit_cdf_v1,phase8_role_aware_pmf_cal_v1+monotone_inactive_global_v1,role_aware_pmf_cal_v1,rotation,derived_from_projected_minutes,21.1877,20.2272,0.05,11.8971,11.8971,11,11,0.0341,0.9659,0.9321,0.9038,0.8746,0.8449,0.8086,0.7671,0.7169,0.6598,0.611,0.5472,0.482,0.4212,0.3742,0.326,0.2814,0.2415,0.2026,0.1768,0.1464,0.0019,53519.0,-53519.0,morning,2026-05-30T22:47:50Z,6233da92#phase10c,30c4e23e-47a2-4ac0-bf0b-c3c6422ca067,ok,0.0,high,full,current_phase8,fallback_used,projected,derived_from_projected_minutes,bdl_plus_nba_official,2026-05-30T22:46:57Z,projected,not_available_yet,bdl_lineup_freshness_manifest,2026-05-30T21:12:58Z,model_grid
Jared McCain,1028027372,OKC,SAS,True,21713534,pts,43.5,43.5,stat_grid:pmf_sim_v1+role_aware_pmf_cal_v1:rotation+monotone_pit_cdf_v1,phase8_role_aware_pmf_cal_v1+monotone_inactive_global_v1,role_aware_pmf_cal_v1,rotation,derived_from_projected_minutes,21.1877,20.2272,0.05,11.8971,11.8971,11,11,0.0341,0.9659,0.9321,0.9038,0.8746,0.8449,0.8086,0.7671,0.7169,0.6598,0.611,0.5472,0.482,0.4212,0.3742,0.326,0.2814,0.2415,0.2026,0.1768,0.1464,0.0018,54255.0,-54255.0,morning,2026-05-30T22:47:50Z,6233da92#phase10c,30c4e23e-47a2-4ac0-bf0b-c3c6422ca067,ok,0.0,high,full,current_phase8,fallback_used,projected,derived_from_projected_minutes,bdl_plus_nba_official,2026-05-30T22:46:57Z,projected,not_available_yet,bdl_lineup_freshness_manifest,2026-05-30T21:12:58Z,model_grid
Jared McCain,1028027372,OKC,SAS,True,21713534,pts,44.5,44.5,stat_grid:pmf_sim_v1+role_aware_pmf_cal_v1:rotation+monotone_pit_cdf_v1,phase8_role_aware_pmf_cal_v1+monotone_inactive_global_v1,role_aware_pmf_cal_v1,rotation,derived_from_projected_minutes,21.1877,20.2272,0.05,11.8971,11.8971,11,11,0.0341,0.9659,0.9321,0.9038,0.8746,0.8449,0.8086,0.7671,0.7169,0.6598,0.611,0.5472,0.482,0.4212,0.3742,0.326,0.2814,0.2415,0.2026,0.1768,0.1464,0.0015,67906.0,-67906.0,morning,2026-05-30T22:47:50Z,6233da92#phase10c,30c4e23e-47a2-4ac0-bf0b-c3c6422ca067,ok,0.0,high,full,current_phase8,fallback_used,projected,derived_from_projected_minutes,bdl_plus_nba_official,2026-05-30T22:46:57Z,projected,not_available_yet,bdl_lineup_freshness_manifest,2026-05-30T21:12:58Z,model_grid
Jared McCain,1028027372,OKC,SAS,True,21713534,pts,45.5,45.5,stat_grid:pmf_sim_v1+role_aware_pmf_cal_v1:rotation+monotone_pit_cdf_v1,phase8_role_aware_pmf_cal_v1+monotone_inactive_global_v1,role_aware_pmf_cal_v1,rotation,derived_from_projected_minutes,21.1877,20.2272,0.05,11.8971,11.8971,11,11,0.0341,0.9659,0.9321,0.9038,0.8746,0.8449,0.8086,0.7671,0.7169,0.6598,0.611,0.5472,0.482,0.4212,0.3742,0.326,0.2814,0.2415,0.2026,0.1768,0.1464,0.0007,151204.0,-151204.0,morning,2026-05-30T22:47:50Z,6233da92#phase10c,30c4e23e-47a2-4ac0-bf0b-c3c6422ca067,ok,0.0,high,full,current_phase8,fallback_used,projected,derived_from_projected_minutes,bdl_plus_nba_official,2026-05-30T22:46:57Z,projected,not_available_yet,bdl_lineup_freshness_manifest,2026-05-30T21:12:58Z,model_grid
Jared McCain,1028027372,OKC,SAS,True,21713534,pts,46.5,46.5,stat_grid:pmf_sim_v1+role_aware_pmf_cal_v1:rotation+monotone_pit_cdf_v1,phase8_role_aware_pmf_cal_v1+monotone_inactive_global_v1,role_aware_pmf_cal_v1,rotation,derived_from_projected_minutes,21.1877,20.2272,0.05,11.8971,11.8971,11,11,0.0341,0.9659,0.9321,0.9038,0.8746,0.8449,0.8086,0.7671,0.7169,0.6598,0.611,0.5472,0.482,0.4212,0.3742,0.326,0.2814,0.2415,0.2026,0.1768,0.1464,0.0004,233209.0,-233209.0,morning,2026-05-30T22:47:50Z,6233da92#phase10c,30c4e23e-47a2-4ac0-bf0b-c3c6422ca067,ok,0.0,high,full,current_phase8,fallback_used,projected,derived_from_projected_minutes,bdl_plus_nba_official,2026-05-30T22:46:57Z,projected,not_available_yet,bdl_lineup_freshness_manifest,2026-05-30T21:12:58Z,model_grid
Jared McCain,1028027372,OKC,SAS,True,21713534,pts,47.5,47.5,stat_grid:pmf_sim_v1+role_aware_pmf_cal_v1:rotation+monotone_pit_cdf_v1,phase8_role_aware_pmf_cal_v1+monotone_inactive_global_v1,role_aware_pmf_cal_v1,rotation,derived_from_projected_minutes,21.1877,20.2272,0.05,11.8971,11.8971,11,11,0.0341,0.9659,0.9321,0.9038,0.8746,0.8449,0.8086,0.7671,0.7169,0.6598,0.611,0.5472,0.482,0.4212,0.3742,0.326,0.2814,0.2415,0.2026,0.1768,0.1464,0.0004,233209.0,-233209.0,morning,2026-05-30T22:47:50Z,6233da92#phase10c,30c4e23e-47a2-4ac0-bf0b-c3c6422ca067,ok,0.0,high,full,current_phase8,fallback_used,projected,derived_from_projected_minutes,bdl_plus_nba_official,2026-05-30T22:46:57Z,projected,not_available_yet,bdl_lineup_freshness_manifest,2026-05-30T21:12:58Z,model_grid
Jared McCain,1028027372,OKC,SAS,True,21713534,pts,48.5,48.5,stat_grid:pmf_sim_v1+role_aware_pmf_cal_v1:rotation+monotone_pit_cdf_v1,phase8_role_aware_pmf_cal_v1+monotone_inactive_global_v1,role_aware_pmf_cal_v1,rotation,derived_from_projected_minutes,21.1877,20.2272,0.05,11.8971,11.8971,11,11,0.0341,0.9659,0.9321,0.9038,0.8746,0.8449,0.8086,0.7671,0.7169,0.6598,0.611,0.5472,0.482,0.4212,0.3742,0.326,0.2814,0.2415,0.2026,0.1768,0.1464,0.0003,315858.0,-315858.0,morning,2026-05-30T22:47:50Z,6233da92#phase10c,30c4e23e-47a2-4ac0-bf0b-c3c6422ca067,ok,0.0,high,full,current_phase8,fallback_used,projected,derived_from_projected_minutes,bdl_plus_nba_official,2026-05-30T22:46:57Z,projected,not_available_yet,bdl_lineup_freshness_manifest,2026-05-30T21:12:58Z,model_grid
Jared McCain,1028027372,OKC,SAS,True,21713534,pts,49.5,49.5,stat_grid:pmf_sim_v1+role_aware_pmf_cal_v1:rotation+monotone_pit_cdf_v1,phase8_role_aware_pmf_cal_v1+monotone_inactive_global_v1,role_aware_pmf_cal_v1,rotation,derived_from_projected_minutes,21.1877,20.2272,0.05,11.8971,11.8971,11,11,0.0341,0.9659,0.9321,0.9038,0.8746,0.8449,0.8086,0.7671,0.7169,0.6598,0.611,0.5472,0.482,0.4212,0.3742,0.326,0.2814,0.2415,0.2026,0.1768,0.1464,0.0002,484104.0,-484104.0,morning,2026-05-30T22:47:50Z,6233da92#phase10c,30c4e23e-47a2-4ac0-bf0b-c3c6422ca067,ok,0.0,high,full,current_phase8,fallback_used,projected,derived_from_projected_minutes,bdl_plus_nba_official,2026-05-30T22:46:57Z,projected,not_available_yet,bdl_lineup_freshness_manifest,2026-05-30T21:12:58Z,model_grid
Jared McCain,1028027372,OKC,SAS,True,21713534,pts,50.5,50.5,stat_grid:pmf_sim_v1+role_aware_pmf_cal_v1:rotation+monotone_pit_cdf_v1,phase8_role_aware_pmf_cal_v1+monotone_inactive_global_v1,role_aware_pmf_cal_v1,rotation,derived_from_projected_minutes,21.1877,20.2272,0.05,11.8971,11.8971,11,11,0.0341,0.9659,0.9321,0.9038,0.8746,0.8449,0.8086,0.7671,0.7169,0.6598,0.611,0.5472,0.482,0.4212,0.3742,0.326,0.2814,0.2415,0.2026,0.1768,0.1464,0.0002,484104.0,-484104.0,morning,2026-05-30T22:47:50Z,6233da92#phase10c,30c4e23e-47a2-4ac0-bf0b-c3c6422ca067,ok,0.0,high,full,current_phase8,fallback_used,projected,derived_from_projected_minutes,bdl_plus_nba_official,2026-05-30T22:46:57Z,projected,not_available_yet,bdl_lineup_freshness_manifest,2026-05-30T21:12:58Z,model_grid
Jared McCain,1028027372,OKC,SAS,True,21713534,pts,51.5,51.5,stat_grid:pmf_sim_v1+role_aware_pmf_cal_v1:rotation+monotone_pit_cdf_v1,phase8_role_aware_pmf_cal_v1+monotone_inactive_global_v1,role_aware_pmf_cal_v1,rotation,derived_from_projected_minutes,21.1877,20.2272,0.05,11.8971,11.8971,11,11,0.0341,0.9659,0.9321,0.9038,0.8746,0.8449,0.8086,0.7671,0.7169,0.6598,0.611,0.5472,0.482,0.4212,0.3742,0.326,0.2814,0.2415,0.2026,0.1768,0.1464,0.0001,990471.0,-990471.0,morning,2026-05-30T22:47:50Z,6233da92#phase10c,30c4e23e-47a2-4ac0-bf0b-c3c6422ca067,ok,0.0,high,full,current_phase8,fallback_used,projected,derived_from_projected_minutes,bdl_plus_nba_official,2026-05-30T22:46:57Z,projected,not_available_yet,bdl_lineup_freshness_manifest,2026-05-30T21:12:58Z,model_grid
Jared McCain,1028027372,OKC,SAS,True,21713534,pts,52.5,52.5,stat_grid:pmf_sim_v1+role_aware_pmf_cal_v1:rotation+monotone_pit_cdf_v1,phase8_role_aware_pmf_cal_v1+monotone_inactive_global_v1,role_aware_pmf_cal_v1,rotation,derived_from_projected_minutes,21.1877,20.2272,0.05,11.8971,11.8971,11,11,0.0341,0.9659,0.9321,0.9038,0.8746,0.8449,0.8086,0.7671,0.7169,0.6598,0.611,0.5472,0.482,0.4212,0.3742,0.326,0.2814,0.2415,0.2026,0.1768,0.1464,0.0001,990471.0,-990471.0,morning,2026-05-30T22:47:50Z,6233da92#phase10c,30c4e23e-47a2-4ac0-bf0b-c3c6422ca067,ok,0.0,high,full,current_phase8,fallback_used,projected,derived_from_projected_minutes,bdl_plus_nba_official,2026-05-30T22:46:57Z,projected,not_available_yet,bdl_lineup_freshness_manifest,2026-05-30T21:12:58Z,model_grid
Jared McCain,1028027372,OKC,SAS,True,21713534,pts,53.5,53.5,stat_grid:pmf_sim_v1+role_aware_pmf_cal_v1:rotation+monotone_pit_cdf_v1,phase8_role_aware_pmf_cal_v1+monotone_inactive_global_v1,role_aware_pmf_cal_v1,rotation,derived_from_projected_minutes,21.1877,20.2272,0.05,11.8971,11.8971,11,11,0.0341,0.9659,0.9321,0.9038,0.8746,0.8449,0.8086,0.7671,0.7169,0.6598,0.611,0.5472,0.482,0.4212,0.3742,0.326,0.2814,0.2415,0.2026,0.1768,0.1464,0.0,,,morning,2026-05-30T22:47:50Z,6233da92#phase10c,30c4e23e-47a2-4ac0-bf0b-c3c6422ca067,ok,0.0,high,full,current_phase8,fallback_used,projected,derived_from_projected_minutes,bdl_plus_nba_official,2026-05-30T22:46:57Z,projected,not_available_yet,bdl_lineup_freshness_manifest,2026-05-30T21:12:58Z,model_grid
Jared McCain,1028027372,OKC,SAS,True,21713534,pts,54.5,54.5,stat_grid:pmf_sim_v1+role_aware_pmf_cal_v1:rotation+monotone_pit_cdf_v1,phase8_role_aware_pmf_cal_v1+monotone_inactive_global_v1,role_aware_pmf_cal_v1,rotation,derived_from_projected_minutes,21.1877,20.2272,0.05,11.8971,11.8971,11,11,0.0341,0.9659,0.9321,0.9038,0.8746,0.8449,0.8086,0.7671,0.7169,0.6598,0.611,0.5472,0.482,0.4212,0.3742,0.326,0.2814,0.2415,0.2026,0.1768,0.1464,0.0,,,morning,2026-05-30T22:47:50Z,6233da92#phase10c,30c4e23e-47a2-4ac0-bf0b-c3c6422ca067,ok,0.0,high,full,current_phase8,fallback_used,projected,derived_from_projected_minutes,bdl_plus_nba_official,2026-05-30T22:46:57Z,projected,not_available_yet,bdl_lineup_freshness_manifest,2026-05-30T21:12:58Z,model_grid
Jared McCain,1028027372,OKC,SAS,True,21713534,pts,55.5,55.5,stat_grid:pmf_sim_v1+role_aware_pmf_cal_v1:rotation+monotone_pit_cdf_v1,phase8_role_aware_pmf_cal_v1+monotone_inactive_global_v1,role_aware_pmf_cal_v1,rotation,derived_from_projected_minutes,21.1877,20.2272,0.05,11.8971,11.8971,11,11,0.0341,0.9659,0.9321,0.9038,0.8746,0.8449,0.8086,0.7671,0.7169,0.6598,0.611,0.5472,0.482,0.4212,0.3742,0.326,0.2814,0.2415,0.2026,0.1768,0.1464,0.0,,,morning,2026-05-30T22:47:50Z,6233da92#phase10c,30c4e23e-47a2-4ac0-bf0b-c3c6422ca067,ok,0.0,high,full,current_phase8,fallback_used,projected,derived_from_projected_minutes,bdl_plus_nba_official,2026-05-30T22:46:57Z,projected,not_available_yet,bdl_lineup_freshness_manifest,2026-05-30T21:12:58Z,model_grid
Jared McCain,1028027372,OKC,SAS,True,21713534,pts,56.5,56.5,stat_grid:pmf_sim_v1+role_aware_pmf_cal_v1:rotation+monotone_pit_cdf_v1,phase8_role_aware_pmf_cal_v1+monotone_inactive_global_v1,role_aware_pmf_cal_v1,rotation,derived_from_projected_minutes,21.1877,20.2272,0.05,11.8971,11.8971,11,11,0.0341,0.9659,0.9321,0.9038,0.8746,0.8449,0.8086,0.7671,0.7169,0.6598,0.611,0.5472,0.482,0.4212,0.3742,0.326,0.2814,0.2415,0.2026,0.1768,0.1464,0.0,,,morning,2026-05-30T22:47:50Z,6233da92#phase10c,30c4e23e-47a2-4ac0-bf0b-c3c6422ca067,ok,0.0,high,full,current_phase8,fallback_used,projected,derived_from_projected_minutes,bdl_plus_nba_official,2026-05-30T22:46:57Z,projected,not_available_yet,bdl_lineup_freshness_manifest,2026-05-30T21:12:58Z,model_grid
Jared McCain,1028027372,OKC,SAS,True,21713534,pts,57.5,57.5,stat_grid:pmf_sim_v1+role_aware_pmf_cal_v1:rotation+monotone_pit_cdf_v1,phase8_role_aware_pmf_cal_v1+monotone_inactive_global_v1,role_aware_pmf_cal_v1,rotation,derived_from_projected_minutes,21.1877,20.2272,0.05,11.8971,11.8971,11,11,0.0341,0.9659,0.9321,0.9038,0.8746,0.8449,0.8086,0.7671,0.7169,0.6598,0.611,0.5472,0.482,0.4212,0.3742,0.326,0.2814,0.2415,0.2026,0.1768,0.1464,0.0,,,morning,2026-05-30T22:47:50Z,6233da92#phase10c,30c4e23e-47a2-4ac0-bf0b-c3c6422ca067,ok,0.0,high,full,current_phase8,fallback_used,projected,derived_from_projected_minutes,bdl_plus_nba_official,2026-05-30T22:46:57Z,projected,not_available_yet,bdl_lineup_freshness_manifest,2026-05-30T21:12:58Z,model_grid
Jared McCain,1028027372,OKC,SAS,True,21713534,pts,58.5,58.5,stat_grid:pmf_sim_v1+role_aware_pmf_cal_v1:rotation+monotone_pit_cdf_v1,phase8_role_aware_pmf_cal_v1+monotone_inactive_global_v1,role_aware_pmf_cal_v1,rotation,derived_from_projected_minutes,21.1877,20.2272,0.05,11.8971,11.8971,11,11,0.0341,0.9659,0.9321,0.9038,0.8746,0.8449,0.8086,0.7671,0.7169,0.6598,0.611,0.5472,0.482,0.4212,0.3742,0.326,0.2814,0.2415,0.2026,0.1768,0.1464,0.0,,,morning,2026-05-30T22:47:50Z,6233da92#phase10c,30c4e23e-47a2-4ac0-bf0b-c3c6422ca067,ok,0.0,high,full,current_phase8,fallback_used,projected,derived_from_projected_minutes,bdl_plus_nba_official,2026-05-30T22:46:57Z,projected,not_available_yet,bdl_lineup_freshness_manifest,2026-05-30T21:12:58Z,model_grid
Jared McCain,1028027372,OKC,SAS,True,21713534,pts,59.5,59.5,stat_grid:pmf_sim_v1+role_aware_pmf_cal_v1:rotation+monotone_pit_cdf_v1,phase8_role_aware_pmf_cal_v1+monotone_inactive_global_v1,role_aware_pmf_cal_v1,rotation,derived_from_projected_minutes,21.1877,20.2272,0.05,11.8971,11.8971,11,11,0.0341,0.9659,0.9321,0.9038,0.8746,0.8449,0.8086,0.7671,0.7169,0.6598,0.611,0.5472,0.482,0.4212,0.3742,0.326,0.2814,0.2415,0.2026,0.1768,0.1464,0.0,,,morning,2026-05-30T22:47:50Z,6233da92#phase10c,30c4e23e-47a2-4ac0-bf0b-c3c6422ca067,ok,0.0,high,full,current_phase8,fallback_used,projected,derived_from_projected_minutes,bdl_plus_nba_official,2026-05-30T22:46:57Z,projected,not_available_yet,bdl_lineup_freshness_manifest,2026-05-30T21:12:58Z,model_grid
Jared McCain,1028027372,OKC,SAS,True,21713534,reb,0.5,0.5,stat_grid:pmf_sim_v1+role_aware_pmf_cal_v1:rotation+monotone_pit_cdf_v1,phase8_role_aware_pmf_cal_v1+monotone_inactive_global_v1,role_aware_pmf_cal_v1,rotation,derived_from_projected_minutes,21.1877,20.2272,0.05,2.8189,2.8189,3,3,0.0422,0.9578,0.822,0.5789,0.3056,0.114,0.0307,0.0084,0.0012,0.0002,0.0001,0.0,0.0,0.0,0.0,0.0,0.0,0.0,0.0,0.0,0.0,0.9578,-2268.0,2268.0,morning,2026-05-30T22:47:50Z,6233da92#phase10c,30c4e23e-47a2-4ac0-bf0b-c3c6422ca067,ok,0.0,high,full,current_phase8,fallback_used,projected,derived_from_projected_minutes,bdl_plus_nba_official,2026-05-30T22:46:57Z,projected,not_available_yet,bdl_lineup_freshness_manifest,2026-05-30T21:12:58Z,model_grid
Jared McCain,1028027372,OKC,SAS,True,21713534,reb,1.5,1.5,stat_grid:pmf_sim_v1+role_aware_pmf_cal_v1:rotation+monotone_pit_cdf_v1,phase8_role_aware_pmf_cal_v1+monotone_inactive_global_v1,role_aware_pmf_cal_v1,rotation,derived_from_projected_minutes,21.1877,20.2272,0.05,2.8189,2.8189,3,3,0.0422,0.9578,0.822,0.5789,0.3056,0.114,0.0307,0.0084,0.0012,0.0002,0.0001,0.0,0.0,0.0,0.0,0.0,0.0,0.0,0.0,0.0,0.0,0.822,-462.0,462.0,morning,2026-05-30T22:47:50Z,6233da92#phase10c,30c4e23e-47a2-4ac0-bf0b-c3c6422ca067,ok,0.0,high,full,current_phase8,fallback_used,projected,derived_from_projected_minutes,bdl_plus_nba_official,2026-05-30T22:46:57Z,projected,not_available_yet,bdl_lineup_freshness_manifest,2026-05-30T21:12:58Z,model_grid
Jared McCain,1028027372,OKC,SAS,True,21713534,reb,2.5,2.5,stat_grid:pmf_sim_v1+role_aware_pmf_cal_v1:rotation+monotone_pit_cdf_v1,phase8_role_aware_pmf_cal_v1+monotone_inactive_global_v1,role_aware_pmf_cal_v1,rotation,derived_from_projected_minutes,21.1877,20.2272,0.05,2.8189,2.8189,3,3,0.0422,0.9578,0.822,0.5789,0.3056,0.114,0.0307,0.0084,0.0012,0.0002,0.0001,0.0,0.0,0.0,0.0,0.0,0.0,0.0,0.0,0.0,0.0,0.5789,-137.0,137.0,morning,2026-05-30T22:47:50Z,6233da92#phase10c,30c4e23e-47a2-4ac0-bf0b-c3c6422ca067,ok,0.0,high,full,current_phase8,fallback_used,projected,derived_from_projected_minutes,bdl_plus_nba_official,2026-05-30T22:46:57Z,projected,not_available_yet,bdl_lineup_freshness_manifest,2026-05-30T21:12:58Z,model_grid
Jared McCain,1028027372,OKC,SAS,True,21713534,reb,3.5,3.5,stat_grid:pmf_sim_v1+role_aware_pmf_cal_v1:rotation+monotone_pit_cdf_v1,phase8_role_aware_pmf_cal_v1+monotone_inactive_global_v1,role_aware_pmf_cal_v1,rotation,derived_from_projected_minutes,21.1877,20.2272,0.05,2.8189,2.8189,3,3,0.0422,0.9578,0.822,0.5789,0.3056,0.114,0.0307,0.0084,0.0012,0.0002,0.0001,0.0,0.0,0.0,0.0,0.0,0.0,0.0,0.0,0.0,0.0,0.3056,227.0,-227.0,morning,2026-05-30T22:47:50Z,6233da92#phase10c,30c4e23e-47a2-4ac0-bf0b-c3c6422ca067,ok,0.0,high,full,current_phase8,fallback_used,projected,derived_from_projected_minutes,bdl_plus_nba_official,2026-05-30T22:46:57Z,projected,not_available_yet,bdl_lineup_freshness_manifest,2026-05-30T21:12:58Z,model_grid
Jared McCain,1028027372,OKC,SAS,True,21713534,reb,4.5,4.5,stat_grid:pmf_sim_v1+role_aware_pmf_cal_v1:rotation+monotone_pit_cdf_v1,phase8_role_aware_pmf_cal_v1+monotone_inactive_global_v1,role_aware_pmf_cal_v1,rotation,derived_from_projected_minutes,21.1877,20.2272,0.05,2.8189,2.8189,3,3,0.0422,0.9578,0.822,0.5789,0.3056,0.114,0.0307,0.0084,0.0012,0.0002,0.0001,0.0,0.0,0.0,0.0,0.0,0.0,0.0,0.0,0.0,0.0,0.114,777.0,-777.0,morning,2026-05-30T22:47:50Z,6233da92#phase10c,30c4e23e-47a2-4ac0-bf0b-c3c6422ca067,ok,0.0,high,full,current_phase8,fallback_used,projected,derived_from_projected_minutes,bdl_plus_nba_official,2026-05-30T22:46:57Z,projected,not_available_yet,bdl_lineup_freshness_manifest,2026-05-30T21:12:58Z,model_grid
Jared McCain,1028027372,OKC,SAS,True,21713534,reb,5.5,5.5,stat_grid:pmf_sim_v1+role_aware_pmf_cal_v1:rotation+monotone_pit_cdf_v1,phase8_role_aware_pmf_cal_v1+monotone_inactive_global_v1,role_aware_pmf_cal_v1,rotation,derived_from_projected_minutes,21.1877,20.2272,0.05,2.8189,2.8189,3,3,0.0422,0.9578,0.822,0.5789,0.3056,0.114,0.0307,0.0084,0.0012,0.0002,0.0001,0.0,0.0,0.0,0.0,0.0,0.0,0.0,0.0,0.0,0.0,0.0307,3155.0,-3155.0,morning,2026-05-30T22:47:50Z,6233da92#phase10c,30c4e23e-47a2-4ac0-bf0b-c3c6422ca067,ok,0.0,high,full,current_phase8,fallback_used,projected,derived_from_projected_minutes,bdl_plus_nba_official,2026-05-30T22:46:57Z,projected,not_available_yet,bdl_lineup_freshness_manifest,2026-05-30T21:12:58Z,model_grid
Jared McCain,1028027372,OKC,SAS,True,21713534,reb,6.5,6.5,stat_grid:pmf_sim_v1+role_aware_pmf_cal_v1:rotation+monotone_pit_cdf_v1,phase8_role_aware_pmf_cal_v1+monotone_inactive_global_v1,role_aware_pmf_cal_v1,rotation,derived_from_projected_minutes,21.1877,20.2272,0.05,2.8189,2.8189,3,3,0.0422,0.9578,0.822,0.5789,0.3056,0.114,0.0307,0.0084,0.0012,0.0002,0.0001,0.0,0.0,0.0,0.0,0.0,0.0,0.0,0.0,0.0,0.0,0.0084,11747.0,-11747.0,morning,2026-05-30T22:47:50Z,6233da92#phase10c,30c4e23e-47a2-4ac0-bf0b-c3c6422ca067,ok,0.0,high,full,current_phase8,fallback_used,projected,derived_from_projected_minutes,bdl_plus_nba_official,2026-05-30T22:46:57Z,projected,not_available_yet,bdl_lineup_freshness_manifest,2026-05-30T21:12:58Z,model_grid
Jared McCain,1028027372,OKC,SAS,True,21713534,reb,7.5,7.5,stat_grid:pmf_sim_v1+role_aware_pmf_cal_v1:rotation+monotone_pit_cdf_v1,phase8_role_aware_pmf_cal_v1+monotone_inactive_global_v1,role_aware_pmf_cal_v1,rotation,derived_from_projected_minutes,21.1877,20.2272,0.05,2.8189,2.8189,3,3,0.0422,0.9578,0.822,0.5789,0.3056,0.114,0.0307,0.0084,0.0012,0.0002,0.0001,0.0,0.0,0.0,0.0,0.0,0.0,0.0,0.0,0.0,0.0,0.0012,85299.0,-85299.0,morning,2026-05-30T22:47:50Z,6233da92#phase10c,30c4e23e-47a2-4ac0-bf0b-c3c6422ca067,ok,0.0,high,full,current_phase8,fallback_used,projected,derived_from_projected_minutes,bdl_plus_nba_official,2026-05-30T22:46:57Z,projected,not_available_yet,bdl_lineup_freshness_manifest,2026-05-30T21:12:58Z,model_grid
Jared McCain,1028027372,OKC,SAS,True,21713534,reb,8.5,8.5,stat_grid:pmf_sim_v1+role_aware_pmf_cal_v1:rotation+monotone_pit_cdf_v1,phase8_role_aware_pmf_cal_v1+monotone_inactive_global_v1,role_aware_pmf_cal_v1,rotation,derived_from_projected_minutes,21.1877,20.2272,0.05,2.8189,2.8189,3,3,0.0422,0.9578,0.822,0.5789,0.3056,0.114,0.0307,0.0084,0.0012,0.0002,0.0001,0.0,0.0,0.0,0.0,0.0,0.0,0.0,0.0,0.0,0.0,0.0002,432078.0,-432078.0,morning,2026-05-30T22:47:50Z,6233da92#phase10c,30c4e23e-47a2-4ac0-bf0b-c3c6422ca067,ok,0.0,high,full,current_phase8,fallback_used,projected,derived_from_projected_minutes,bdl_plus_nba_official,2026-05-30T22:46:57Z,projected,not_available_yet,bdl_lineup_freshness_manifest,2026-05-30T21:12:58Z,model_grid
Jared McCain,1028027372,OKC,SAS,True,21713534,reb,9.5,9.5,stat_grid:pmf_sim_v1+role_aware_pmf_cal_v1:rotation+monotone_pit_cdf_v1,phase8_role_aware_pmf_cal_v1+monotone_inactive_global_v1,role_aware_pmf_cal_v1,rotation,derived_from_projected_minutes,21.1877,20.2272,0.05,2.8189,2.8189,3,3,0.0422,0.9578,0.822,0.5789,0.3056,0.114,0.0307,0.0084,0.0012,0.0002,0.0001,0.0,0.0,0.0,0.0,0.0,0.0,0.0,0.0,0.0,0.0,0.0001,1549177.0,-1549177.0,morning,2026-05-30T22:47:50Z,6233da92#phase10c,30c4e23e-47a2-4ac0-bf0b-c3c6422ca067,ok,0.0,high,full,current_phase8,fallback_used,projected,derived_from_projected_minutes,bdl_plus_nba_official,2026-05-30T22:46:57Z,projected,not_available_yet,bdl_lineup_freshness_manifest,2026-05-30T21:12:58Z,model_grid
Jared McCain,1028027372,OKC,SAS,True,21713534,reb,10.5,10.5,stat_grid:pmf_sim_v1+role_aware_pmf_cal_v1:rotation+monotone_pit_cdf_v1,phase8_role_aware_pmf_cal_v1+monotone_inactive_global_v1,role_aware_pmf_cal_v1,rotation,derived_from_projected_minutes,21.1877,20.2272,0.05,2.8189,2.8189,3,3,0.0422,0.9578,0.822,0.5789,0.3056,0.114,0.0307,0.0084,0.0012,0.0002,0.0001,0.0,0.0,0.0,0.0,0.0,0.0,0.0,0.0,0.0,0.0,0.0,21227255.0,-21227255.0,morning,2026-05-30T22:47:50Z,6233da92#phase10c,30c4e23e-47a2-4ac0-bf0b-c3c6422ca067,ok,0.0,high,full,current_phase8,fallback_used,projected,derived_from_projected_minutes,bdl_plus_nba_official,2026-05-30T22:46:57Z,projected,not_available_yet,bdl_lineup_freshness_manifest,2026-05-30T21:12:58Z,model_grid
Jared McCain,1028027372,OKC,SAS,True,21713534,reb,11.5,11.5,stat_grid:pmf_sim_v1+role_aware_pmf_cal_v1:rotation+monotone_pit_cdf_v1,phase8_role_aware_pmf_cal_v1+monotone_inactive_global_v1,role_aware_pmf_cal_v1,rotation,derived_from_projected_minutes,21.1877,20.2272,0.05,2.8189,2.8189,3,3,0.0422,0.9578,0.822,0.5789,0.3056,0.114,0.0307,0.0084,0.0012,0.0002,0.0001,0.0,0.0,0.0,0.0,0.0,0.0,0.0,0.0,0.0,0.0,0.0,132983987.0,-132983987.0,morning,2026-05-30T22:47:50Z,6233da92#phase10c,30c4e23e-47a2-4ac0-bf0b-c3c6422ca067,ok,0.0,high,full,current_phase8,fallback_used,projected,derived_from_projected_minutes,bdl_plus_nba_official,2026-05-30T22:46:57Z,projected,not_available_yet,bdl_lineup_freshness_manifest,2026-05-30T21:12:58Z,model_grid
Jared McCain,1028027372,OKC,SAS,True,21713534,reb,12.5,12.5,stat_grid:pmf_sim_v1+role_aware_pmf_cal_v1:rotation+monotone_pit_cdf_v1,phase8_role_aware_pmf_cal_v1+monotone_inactive_global_v1,role_aware_pmf_cal_v1,rotation,derived_from_projected_minutes,21.1877,20.2272,0.05,2.8189,2.8189,3,3,0.0422,0.9578,0.822,0.5789,0.3056,0.114,0.0307,0.0084,0.0012,0.0002,0.0001,0.0,0.0,0.0,0.0,0.0,0.0,0.0,0.0,0.0,0.0,0.0,1169126814.0,-1169126815.0,morning,2026-05-30T22:47:50Z,6233da92#phase10c,30c4e23e-47a2-4ac0-bf0b-c3c6422ca067,ok,0.0,high,full,current_phase8,fallback_used,projected,derived_from_projected_minutes,bdl_plus_nba_official,2026-05-30T22:46:57Z,projected,not_available_yet,bdl_lineup_freshness_manifest,2026-05-30T21:12:58Z,model_grid
Jared McCain,1028027372,OKC,SAS,True,21713534,reb,13.5,13.5,stat_grid:pmf_sim_v1+role_aware_pmf_cal_v1:rotation+monotone_pit_cdf_v1,phase8_role_aware_pmf_cal_v1+monotone_inactive_global_v1,role_aware_pmf_cal_v1,rotation,derived_from_projected_minutes,21.1877,20.2272,0.05,2.8189,2.8189,3,3,0.0422,0.9578,0.822,0.5789,0.3056,0.114,0.0307,0.0084,0.0012,0.0002,0.0001,0.0,0.0,0.0,0.0,0.0,0.0,0.0,0.0,0.0,0.0,0.0,7402784682.0,-7402784657.0,morning,2026-05-30T22:47:50Z,6233da92#phase10c,30c4e23e-47a2-4ac0-bf0b-c3c6422ca067,ok,0.0,high,full,current_phase8,fallback_used,projected,derived_from_projected_minutes,bdl_plus_nba_official,2026-05-30T22:46:57Z,projected,not_available_yet,bdl_lineup_freshness_manifest,2026-05-30T21:12:58Z,model_grid
Jared McCain,1028027372,OKC,SAS,True,21713534,reb,14.5,14.5,stat_grid:pmf_sim_v1+role_aware_pmf_cal_v1:rotation+monotone_pit_cdf_v1,phase8_role_aware_pmf_cal_v1+monotone_inactive_global_v1,role_aware_pmf_cal_v1,rotation,derived_from_projected_minutes,21.1877,20.2272,0.05,2.8189,2.8189,3,3,0.0422,0.9578,0.822,0.5789,0.3056,0.114,0.0307,0.0084,0.0012,0.0002,0.0001,0.0,0.0,0.0,0.0,0.0,0.0,0.0,0.0,0.0,0.0,0.0,33093960776.0,-33093960916.0,morning,2026-05-30T22:47:50Z,6233da92#phase10c,30c4e23e-47a2-4ac0-bf0b-c3c6422ca067,ok,0.0,high,full,current_phase8,fallback_used,projected,derived_from_projected_minutes,bdl_plus_nba_official,2026-05-30T22:46:57Z,projected,not_available_yet,bdl_lineup_freshness_manifest,2026-05-30T21:12:58Z,model_grid
Jared McCain,1028027372,OKC,SAS,True,21713534,reb,15.5,15.5,stat_grid:pmf_sim_v1+role_aware_pmf_cal_v1:rotation+monotone_pit_cdf_v1,phase8_role_aware_pmf_cal_v1+monotone_inactive_global_v1,role_aware_pmf_cal_v1,rotation,derived_from_projected_minutes,21.1877,20.2272,0.05,2.8189,2.8189,3,3,0.0422,0.9578,0.822,0.5789,0.3056,0.114,0.0307,0.0084,0.0012,0.0002,0.0001,0.0,0.0,0.0,0.0,0.0,0.0,0.0,0.0,0.0,0.0,0.0,50011743981.0,-50011744681.0,morning,2026-05-30T22:47:50Z,6233da92#phase10c,30c4e23e-47a2-4ac0-bf0b-c3c6422ca067,ok,0.0,high,full,current_phase8,fallback_used,projected,derived_from_projected_minutes,bdl_plus_nba_official,2026-05-30T22:46:57Z,projected,not_available_yet,bdl_lineup_freshness_manifest,2026-05-30T21:12:58Z,model_grid
Jared McCain,1028027372,OKC,SAS,True,21713534,reb,16.5,16.5,stat_grid:pmf_sim_v1+role_aware_pmf_cal_v1:rotation+monotone_pit_cdf_v1,phase8_role_aware_pmf_cal_v1+monotone_inactive_global_v1,role_aware_pmf_cal_v1,rotation,derived_from_projected_minutes,21.1877,20.2272,0.05,2.8189,2.8189,3,3,0.0422,0.9578,0.822,0.5789,0.3056,0.114,0.0307,0.0084,0.0012,0.0002,0.0001,0.0,0.0,0.0,0.0,0.0,0.0,0.0,0.0,0.0,0.0,0.0,54583994535.0,-54583995094.0,morning,2026-05-30T22:47:50Z,6233da92#phase10c,30c4e23e-47a2-4ac0-bf0b-c3c6422ca067,ok,0.0,high,full,current_phase8,fallback_used,projected,derived_from_projected_minutes,bdl_plus_nba_official,2026-05-30T22:46:57Z,projected,not_available_yet,bdl_lineup_freshness_manifest,2026-05-30T21:12:58Z,model_grid
Jared McCain,1028027372,OKC,SAS,True,21713534,reb,17.5,17.5,stat_grid:pmf_sim_v1+role_aware_pmf_cal_v1:rotation+monotone_pit_cdf_v1,phase8_role_aware_pmf_cal_v1+monotone_inactive_global_v1,role_aware_pmf_cal_v1,rotation,derived_from_projected_minutes,21.1877,20.2272,0.05,2.8189,2.8189,3,3,0.0422,0.9578,0.822,0.5789,0.3056,0.114,0.0307,0.0084,0.0012,0.0002,0.0001,0.0,0.0,0.0,0.0,0.0,0.0,0.0,0.0,0.0,0.0,0.0,,,morning,2026-05-30T22:47:50Z,6233da92#phase10c,30c4e23e-47a2-4ac0-bf0b-c3c6422ca067,ok,0.0,high,full,current_phase8,fallback_used,projected,derived_from_projected_minutes,bdl_plus_nba_official,2026-05-30T22:46:57Z,projected,not_available_yet,bdl_lineup_freshness_manifest,2026-05-30T21:12:58Z,model_grid
Jared McCain,1028027372,OKC,SAS,True,21713534,reb,18.5,18.5,stat_grid:pmf_sim_v1+role_aware_pmf_cal_v1:rotation+monotone_pit_cdf_v1,phase8_role_aware_pmf_cal_v1+monotone_inactive_global_v1,role_aware_pmf_cal_v1,rotation,derived_from_projected_minutes,21.1877,20.2272,0.05,2.8189,2.8189,3,3,0.0422,0.9578,0.822,0.5789,0.3056,0.114,0.0307,0.0084,0.0012,0.0002,0.0001,0.0,0.0,0.0,0.0,0.0,0.0,0.0,0.0,0.0,0.0,0.0,,,morning,2026-05-30T22:47:50Z,6233da92#phase10c,30c4e23e-47a2-4ac0-bf0b-c3c6422ca067,ok,0.0,high,full,current_phase8,fallback_used,projected,derived_from_projected_minutes,bdl_plus_nba_official,2026-05-30T22:46:57Z,projected,not_available_yet,bdl_lineup_freshness_manifest,2026-05-30T21:12:58Z,model_grid
Jared McCain,1028027372,OKC,SAS,True,21713534,reb,19.5,19.5,stat_grid:pmf_sim_v1+role_aware_pmf_cal_v1:rotation+monotone_pit_cdf_v1,phase8_role_aware_pmf_cal_v1+monotone_inactive_global_v1,role_aware_pmf_cal_v1,rotation,derived_from_projected_minutes,21.1877,20.2272,0.05,2.8189,2.8189,3,3,0.0422,0.9578,0.822,0.5789,0.3056,0.114,0.0307,0.0084,0.0012,0.0002,0.0001,0.0,0.0,0.0,0.0,0.0,0.0,0.0,0.0,0.0,0.0,0.0,,,morning,2026-05-30T22:47:50Z,6233da92#phase10c,30c4e23e-47a2-4ac0-bf0b-c3c6422ca067,ok,0.0,high,full,current_phase8,fallback_used,projected,derived_from_projected_minutes,bdl_plus_nba_official,2026-05-30T22:46:57Z,projected,not_available_yet,bdl_lineup_freshness_manifest,2026-05-30T21:12:58Z,model_grid
Jared McCain,1028027372,OKC,SAS,True,21713534,reb,20.5,20.5,stat_grid:pmf_sim_v1+role_aware_pmf_cal_v1:rotation+monotone_pit_cdf_v1,phase8_role_aware_pmf_cal_v1+monotone_inactive_global_v1,role_aware_pmf_cal_v1,rotation,derived_from_projected_minutes,21.1877,20.2272,0.05,2.8189,2.8189,3,3,0.0422,0.9578,0.822,0.5789,0.3056,0.114,0.0307,0.0084,0.0012,0.0002,0.0001,0.0,0.0,0.0,0.0,0.0,0.0,0.0,0.0,0.0,0.0,0.0,,,morning,2026-05-30T22:47:50Z,6233da92#phase10c,30c4e23e-47a2-4ac0-bf0b-c3c6422ca067,ok,0.0,high,full,current_phase8,fallback_used,projected,derived_from_projected_minutes,bdl_plus_nba_official,2026-05-30T22:46:57Z,projected,not_available_yet,bdl_lineup_freshness_manifest,2026-05-30T21:12:58Z,model_grid
Jared McCain,1028027372,OKC,SAS,True,21713534,reb,21.5,21.5,stat_grid:pmf_sim_v1+role_aware_pmf_cal_v1:rotation+monotone_pit_cdf_v1,phase8_role_aware_pmf_cal_v1+monotone_inactive_global_v1,role_aware_pmf_cal_v1,rotation,derived_from_projected_minutes,21.1877,20.2272,0.05,2.8189,2.8189,3,3,0.0422,0.9578,0.822,0.5789,0.3056,0.114,0.0307,0.0084,0.0012,0.0002,0.0001,0.0,0.0,0.0,0.0,0.0,0.0,0.0,0.0,0.0,0.0,0.0,,,morning,2026-05-30T22:47:50Z,6233da92#phase10c,30c4e23e-47a2-4ac0-bf0b-c3c6422ca067,ok,0.0,high,full,current_phase8,fallback_used,projected,derived_from_projected_minutes,bdl_plus_nba_official,2026-05-30T22:46:57Z,projected,not_available_yet,bdl_lineup_freshness_manifest,2026-05-30T21:12:58Z,model_grid
Jared McCain,1028027372,OKC,SAS,True,21713534,ast,0.5,0.5,stat_grid:pmf_sim_v1+role_aware_pmf_cal_v1:rotation+monotone_pit_cdf_v1,phase8_role_aware_pmf_cal_v1+monotone_inactive_global_v1,role_aware_pmf_cal_v1,rotation,derived_from_projected_minutes,21.1877,20.2272,0.05,1.8203,1.8203,2,2,0.1892,0.8108,0.5914,0.2627,0.1123,0.0338,0.0069,0.0014,0.0005,0.0003,0.0001,0.0,0.0,0.0,0.0,0.0,0.0,0.0,0.0,0.0,0.0,0.8108,-429.0,429.0,morning,2026-05-30T22:47:50Z,6233da92#phase10c,30c4e23e-47a2-4ac0-bf0b-c3c6422ca067,ok,0.0,high,full,current_phase8,fallback_used,projected,derived_from_projected_minutes,bdl_plus_nba_official,2026-05-30T22:46:57Z,projected,not_available_yet,bdl_lineup_freshness_manifest,2026-05-30T21:12:58Z,model_grid
Jared McCain,1028027372,OKC,SAS,True,21713534,ast,1.5,1.5,stat_grid:pmf_sim_v1+role_aware_pmf_cal_v1:rotation+monotone_pit_cdf_v1,phase8_role_aware_pmf_cal_v1+monotone_inactive_global_v1,role_aware_pmf_cal_v1,rotation,derived_from_projected_minutes,21.1877,20.2272,0.05,1.8203,1.8203,2,2,0.1892,0.8108,0.5914,0.2627,0.1123,0.0338,0.0069,0.0014,0.0005,0.0003,0.0001,0.0,0.0,0.0,0.0,0.0,0.0,0.0,0.0,0.0,0.0,0.5914,-145.0,145.0,morning,2026-05-30T22:47:50Z,6233da92#phase10c,30c4e23e-47a2-4ac0-bf0b-c3c6422ca067,ok,0.0,high,full,current_phase8,fallback_used,projected,derived_from_projected_minutes,bdl_plus_nba_official,2026-05-30T22:46:57Z,projected,not_available_yet,bdl_lineup_freshness_manifest,2026-05-30T21:12:58Z,model_grid
Jared McCain,1028027372,OKC,SAS,True,21713534,ast,2.5,2.5,stat_grid:pmf_sim_v1+role_aware_pmf_cal_v1:rotation+monotone_pit_cdf_v1,phase8_role_aware_pmf_cal_v1+monotone_inactive_global_v1,role_aware_pmf_cal_v1,rotation,derived_from_projected_minutes,21.1877,20.2272,0.05,1.8203,1.8203,2,2,0.1892,0.8108,0.5914,0.2627,0.1123,0.0338,0.0069,0.0014,0.0005,0.0003,0.0001,0.0,0.0,0.0,0.0,0.0,0.0,0.0,0.0,0.0,0.0,0.2627,281.0,-281.0,morning,2026-05-30T22:47:50Z,6233da92#phase10c,30c4e23e-47a2-4ac0-bf0b-c3c6422ca067,ok,0.0,high,full,current_phase8,fallback_used,projected,derived_from_projected_minutes,bdl_plus_nba_official,2026-05-30T22:46:57Z,projected,not_available_yet,bdl_lineup_freshness_manifest,2026-05-30T21:12:58Z,model_grid
Jared McCain,1028027372,OKC,SAS,True,21713534,ast,3.5,3.5,stat_grid:pmf_sim_v1+role_aware_pmf_cal_v1:rotation+monotone_pit_cdf_v1,phase8_role_aware_pmf_cal_v1+monotone_inactive_global_v1,role_aware_pmf_cal_v1,rotation,derived_from_projected_minutes,21.1877,20.2272,0.05,1.8203,1.8203,2,2,0.1892,0.8108,0.5914,0.2627,0.1123,0.0338,0.0069,0.0014,0.0005,0.0003,0.0001,0.0,0.0,0.0,0.0,0.0,0.0,0.0,0.0,0.0,0.0,0.1123,791.0,-791.0,morning,2026-05-30T22:47:50Z,6233da92#phase10c,30c4e23e-47a2-4ac0-bf0b-c3c6422ca067,ok,0.0,high,full,current_phase8,fallback_used,projected,derived_from_projected_minutes,bdl_plus_nba_official,2026-05-30T22:46:57Z,projected,not_available_yet,bdl_lineup_freshness_manifest,2026-05-30T21:12:58Z,model_grid
Jared McCain,1028027372,OKC,SAS,True,21713534,ast,4.5,4.5,stat_grid:pmf_sim_v1+role_aware_pmf_cal_v1:rotation+monotone_pit_cdf_v1,phase8_role_aware_pmf_cal_v1+monotone_inactive_global_v1,role_aware_pmf_cal_v1,rotation,derived_from_projected_minutes,21.1877,20.2272,0.05,1.8203,1.8203,2,2,0.1892,0.8108,0.5914,0.2627,0.1123,0.0338,0.0069,0.0014,0.0005,0.0003,0.0001,0.0,0.0,0.0,0.0,0.0,0.0,0.0,0.0,0.0,0.0,0.0338,2858.0,-2858.0,morning,2026-05-30T22:47:50Z,6233da92#phase10c,30c4e23e-47a2-4ac0-bf0b-c3c6422ca067,ok,0.0,high,full,current_phase8,fallback_used,projected,derived_from_projected_minutes,bdl_plus_nba_official,2026-05-30T22:46:57Z,projected,not_available_yet,bdl_lineup_freshness_manifest,2026-05-30T21:12:58Z,model_grid
Jared McCain,1028027372,OKC,SAS,True,21713534,ast,5.5,5.5,stat_grid:pmf_sim_v1+role_aware_pmf_cal_v1:rotation+monotone_pit_cdf_v1,phase8_role_aware_pmf_cal_v1+monotone_inactive_global_v1,role_aware_pmf_cal_v1,rotation,derived_from_projected_minutes,21.1877,20.2272,0.05,1.8203,1.8203,2,2,0.1892,0.8108,0.5914,0.2627,0.1123,0.0338,0.0069,0.0014,0.0005,0.0003,0.0001,0.0,0.0,0.0,0.0,0.0,0.0,0.0,0.0,0.0,0.0,0.0069,14400.0,-14400.0,morning,2026-05-30T22:47:50Z,6233da92#phase10c,30c4e23e-47a2-4ac0-bf0b-c3c6422ca067,ok,0.0,high,full,current_phase8,fallback_used,projected,derived_from_projected_minutes,bdl_plus_nba_official,2026-05-30T22:46:57Z,projected,not_available_yet,bdl_lineup_freshness_manifest,2026-05-30T21:12:58Z,model_grid
Jared McCain,1028027372,OKC,SAS,True,21713534,ast,6.5,6.5,stat_grid:pmf_sim_v1+role_aware_pmf_cal_v1:rotation+monotone_pit_cdf_v1,phase8_role_aware_pmf_cal_v1+monotone_inactive_global_v1,role_aware_pmf_cal_v1,rotation,derived_from_projected_minutes,21.1877,20.2272,0.05,1.8203,1.8203,2,2,0.1892,0.8108,0.5914,0.2627,0.1123,0.0338,0.0069,0.0014,0.0005,0.0003,0.0001,0.0,0.0,0.0,0.0,0.0,0.0,0.0,0.0,0.0,0.0,0.0014,69760.0,-69760.0,morning,2026-05-30T22:47:50Z,6233da92#phase10c,30c4e23e-47a2-4ac0-bf0b-c3c6422ca067,ok,0.0,high,full,current_phase8,fallback_used,projected,derived_from_projected_minutes,bdl_plus_nba_official,2026-05-30T22:46:57Z,projected,not_available_yet,bdl_lineup_freshness_manifest,2026-05-30T21:12:58Z,model_grid
Jared McCain,1028027372,OKC,SAS,True,21713534,ast,7.5,7.5,stat_grid:pmf_sim_v1+role_aware_pmf_cal_v1:rotation+monotone_pit_cdf_v1,phase8_role_aware_pmf_cal_v1+monotone_inactive_global_v1,role_aware_pmf_cal_v1,rotation,derived_from_projected_minutes,21.1877,20.2272,0.05,1.8203,1.8203,2,2,0.1892,0.8108,0.5914,0.2627,0.1123,0.0338,0.0069,0.0014,0.0005,0.0003,0.0001,0.0,0.0,0.0,0.0,0.0,0.0,0.0,0.0,0.0,0.0,0.0005,210105.0,-210105.0,morning,2026-05-30T22:47:50Z,6233da92#phase10c,30c4e23e-47a2-4ac0-bf0b-c3c6422ca067,ok,0.0,high,full,current_phase8,fallback_used,projected,derived_from_projected_minutes,bdl_plus_nba_official,2026-05-30T22:46:57Z,projected,not_available_yet,bdl_lineup_freshness_manifest,2026-05-30T21:12:58Z,model_grid
Jared McCain,1028027372,OKC,SAS,True,21713534,ast,8.5,8.5,stat_grid:pmf_sim_v1+role_aware_pmf_cal_v1:rotation+monotone_pit_cdf_v1,phase8_role_aware_pmf_cal_v1+monotone_inactive_global_v1,role_aware_pmf_cal_v1,rotation,derived_from_projected_minutes,21.1877,20.2272,0.05,1.8203,1.8203,2,2,0.1892,0.8108,0.5914,0.2627,0.1123,0.0338,0.0069,0.0014,0.0005,0.0003,0.0001,0.0,0.0,0.0,0.0,0.0,0.0,0.0,0.0,0.0,0.0,0.0003,305585.0,-305585.0,morning,2026-05-30T22:47:50Z,6233da92#phase10c,30c4e23e-47a2-4ac0-bf0b-c3c6422ca067,ok,0.0,high,full,current_phase8,fallback_used,projected,derived_from_projected_minutes,bdl_plus_nba_official,2026-05-30T22:46:57Z,projected,not_available_yet,bdl_lineup_freshness_manifest,2026-05-30T21:12:58Z,model_grid
Jared McCain,1028027372,OKC,SAS,True,21713534,ast,9.5,9.5,stat_grid:pmf_sim_v1+role_aware_pmf_cal_v1:rotation+monotone_pit_cdf_v1,phase8_role_aware_pmf_cal_v1+monotone_inactive_global_v1,role_aware_pmf_cal_v1,rotation,derived_from_projected_minutes,21.1877,20.2272,0.05,1.8203,1.8203,2,2,0.1892,0.8108,0.5914,0.2627,0.1123,0.0338,0.0069,0.0014,0.0005,0.0003,0.0001,0.0,0.0,0.0,0.0,0.0,0.0,0.0,0.0,0.0,0.0,0.0001,1005398.0,-1005398.0,morning,2026-05-30T22:47:50Z,6233da92#phase10c,30c4e23e-47a2-4ac0-bf0b-c3c6422ca067,ok,0.0,high,full,current_phase8,fallback_used,projected,derived_from_projected_minutes,bdl_plus_nba_official,2026-05-30T22:46:57Z,projected,not_available_yet,bdl_lineup_freshness_manifest,2026-05-30T21:12:58Z,model_grid
Jared McCain,1028027372,OKC,SAS,True,21713534,ast,10.5,10.5,stat_grid:pmf_sim_v1+role_aware_pmf_cal_v1:rotation+monotone_pit_cdf_v1,phase8_role_aware_pmf_cal_v1+monotone_inactive_global_v1,role_aware_pmf_cal_v1,rotation,derived_from_projected_minutes,21.1877,20.2272,0.05,1.8203,1.8203,2,2,0.1892,0.8108,0.5914,0.2627,0.1123,0.0338,0.0069,0.0014,0.0005,0.0003,0.0001,0.0,0.0,0.0,0.0,0.0,0.0,0.0,0.0,0.0,0.0,0.0,3038834.0,-3038834.0,morning,2026-05-30T22:47:50Z,6233da92#phase10c,30c4e23e-47a2-4ac0-bf0b-c3c6422ca067,ok,0.0,high,full,current_phase8,fallback_used,projected,derived_from_projected_minutes,bdl_plus_nba_official,2026-05-30T22:46:57Z,projected,not_available_yet,bdl_lineup_freshness_manifest,2026-05-30T21:12:58Z,model_grid
Jared McCain,1028027372,OKC,SAS,True,21713534,ast,11.5,11.5,stat_grid:pmf_sim_v1+role_aware_pmf_cal_v1:rotation+monotone_pit_cdf_v1,phase8_role_aware_pmf_cal_v1+monotone_inactive_global_v1,role_aware_pmf_cal_v1,rotation,derived_from_projected_minutes,21.1877,20.2272,0.05,1.8203,1.8203,2,2,0.1892,0.8108,0.5914,0.2627,0.1123,0.0338,0.0069,0.0014,0.0005,0.0003,0.0001,0.0,0.0,0.0,0.0,0.0,0.0,0.0,0.0,0.0,0.0,0.0,8930441.0,-8930441.0,morning,2026-05-30T22:47:50Z,6233da92#phase10c,30c4e23e-47a2-4ac0-bf0b-c3c6422ca067,ok,0.0,high,full,current_phase8,fallback_used,projected,derived_from_projected_minutes,bdl_plus_nba_official,2026-05-30T22:46:57Z,projected,not_available_yet,bdl_lineup_freshness_manifest,2026-05-30T21:12:58Z,model_grid
Jared McCain,1028027372,OKC,SAS,True,21713534,ast,12.5,12.5,stat_grid:pmf_sim_v1+role_aware_pmf_cal_v1:rotation+monotone_pit_cdf_v1,phase8_role_aware_pmf_cal_v1+monotone_inactive_global_v1,role_aware_pmf_cal_v1,rotation,derived_from_projected_minutes,21.1877,20.2272,0.05,1.8203,1.8203,2,2,0.1892,0.8108,0.5914,0.2627,0.1123,0.0338,0.0069,0.0014,0.0005,0.0003,0.0001,0.0,0.0,0.0,0.0,0.0,0.0,0.0,0.0,0.0,0.0,0.0,34826880.0,-34826880.0,morning,2026-05-30T22:47:50Z,6233da92#phase10c,30c4e23e-47a2-4ac0-bf0b-c3c6422ca067,ok,0.0,high,full,current_phase8,fallback_used,projected,derived_from_projected_minutes,bdl_plus_nba_official,2026-05-30T22:46:57Z,projected,not_available_yet,bdl_lineup_freshness_manifest,2026-05-30T21:12:58Z,model_grid
Jared McCain,1028027372,OKC,SAS,True,21713534,ast,13.5,13.5,stat_grid:pmf_sim_v1+role_aware_pmf_cal_v1:rotation+monotone_pit_cdf_v1,phase8_role_aware_pmf_cal_v1+monotone_inactive_global_v1,role_aware_pmf_cal_v1,rotation,derived_from_projected_minutes,21.1877,20.2272,0.05,1.8203,1.8203,2,2,0.1892,0.8108,0.5914,0.2627,0.1123,0.0338,0.0069,0.0014,0.0005,0.0003,0.0001,0.0,0.0,0.0,0.0,0.0,0.0,0.0,0.0,0.0,0.0,0.0,175512157.0,-175512157.0,morning,2026-05-30T22:47:50Z,6233da92#phase10c,30c4e23e-47a2-4ac0-bf0b-c3c6422ca067,ok,0.0,high,full,current_phase8,fallback_used,projected,derived_from_projected_minutes,bdl_plus_nba_official,2026-05-30T22:46:57Z,projected,not_available_yet,bdl_lineup_freshness_manifest,2026-05-30T21:12:58Z,model_grid
Jared McCain,1028027372,OKC,SAS,True,21713534,ast,14.5,14.5,stat_grid:pmf_sim_v1+role_aware_pmf_cal_v1:rotation+monotone_pit_cdf_v1,phase8_role_aware_pmf_cal_v1+monotone_inactive_global_v1,role_aware_pmf_cal_v1,rotation,derived_from_projected_minutes,21.1877,20.2272,0.05,1.8203,1.8203,2,2,0.1892,0.8108,0.5914,0.2627,0.1123,0.0338,0.0069,0.0014,0.0005,0.0003,0.0001,0.0,0.0,0.0,0.0,0.0,0.0,0.0,0.0,0.0,0.0,0.0,1778136920.0,-1778136920.0,morning,2026-05-30T22:47:50Z,6233da92#phase10c,30c4e23e-47a2-4ac0-bf0b-c3c6422ca067,ok,0.0,high,full,current_phase8,fallback_used,projected,derived_from_projected_minutes,bdl_plus_nba_official,2026-05-30T22:46:57Z,projected,not_available_yet,bdl_lineup_freshness_manifest,2026-05-30T21:12:58Z,model_grid
Jared McCain,1028027372,OKC,SAS,True,21713534,ast,15.5,15.5,stat_grid:pmf_sim_v1+role_aware_pmf_cal_v1:rotation+monotone_pit_cdf_v1,phase8_role_aware_pmf_cal_v1+monotone_inactive_global_v1,role_aware_pmf_cal_v1,rotation,derived_from_projected_minutes,21.1877,20.2272,0.05,1.8203,1.8203,2,2,0.1892,0.8108,0.5914,0.2627,0.1123,0.0338,0.0069,0.0014,0.0005,0.0003,0.0001,0.0,0.0,0.0,0.0,0.0,0.0,0.0,0.0,0.0,0.0,0.0,9040245977.0,-9040245955.0,morning,2026-05-30T22:47:50Z,6233da92#phase10c,30c4e23e-47a2-4ac0-bf0b-c3c6422ca067,ok,0.0,high,full,current_phase8,fallback_used,projected,derived_from_projected_minutes,bdl_plus_nba_official,2026-05-30T22:46:57Z,projected,not_available_yet,bdl_lineup_freshness_manifest,2026-05-30T21:12:58Z,model_grid
Jared McCain,1028027372,OKC,SAS,True,21713534,ast,16.5,16.5,stat_grid:pmf_sim_v1+role_aware_pmf_cal_v1:rotation+monotone_pit_cdf_v1,phase8_role_aware_pmf_cal_v1+monotone_inactive_global_v1,role_aware_pmf_cal_v1,rotation,derived_from_projected_minutes,21.1877,20.2272,0.05,1.8203,1.8203,2,2,0.1892,0.8108,0.5914,0.2627,0.1123,0.0338,0.0069,0.0014,0.0005,0.0003,0.0001,0.0,0.0,0.0,0.0,0.0,0.0,0.0,0.0,0.0,0.0,0.0,9040245977.0,-9040245955.0,morning,2026-05-30T22:47:50Z,6233da92#phase10c,30c4e23e-47a2-4ac0-bf0b-c3c6422ca067,ok,0.0,high,full,current_phase8,fallback_used,projected,derived_from_projected_minutes,bdl_plus_nba_official,2026-05-30T22:46:57Z,projected,not_available_yet,bdl_lineup_freshness_manifest,2026-05-30T21:12:58Z,model_grid
Jared McCain,1028027372,OKC,SAS,True,21713534,ast,17.5,17.5,stat_grid:pmf_sim_v1+role_aware_pmf_cal_v1:rotation+monotone_pit_cdf_v1,phase8_role_aware_pmf_cal_v1+monotone_inactive_global_v1,role_aware_pmf_cal_v1,rotation,derived_from_projected_minutes,21.1877,20.2272,0.05,1.8203,1.8203,2,2,0.1892,0.8108,0.5914,0.2627,0.1123,0.0338,0.0069,0.0014,0.0005,0.0003,0.0001,0.0,0.0,0.0,0.0,0.0,0.0,0.0,0.0,0.0,0.0,0.0,252142174274.0,-252142174336.0,morning,2026-05-30T22:47:50Z,6233da92#phase10c,30c4e23e-47a2-4ac0-bf0b-c3c6422ca067,ok,0.0,high,full,current_phase8,fallback_used,projected,derived_from_projected_minutes,bdl_plus_nba_official,2026-05-30T22:46:57Z,projected,not_available_yet,bdl_lineup_freshness_manifest,2026-05-30T21:12:58Z,model_grid
Jared McCain,1028027372,OKC,SAS,True,21713534,fg3m,0.5,0.5,stat_grid:fg3m_hurdle_v1+role_aware_pmf_cal_v1:rotation+monotone_pit_cdf_v1+sparse_hurdle_guarded,phase8_role_aware_pmf_cal_v1+monotone_inactive_global_v1,role_aware_pmf_cal_v1,rotation,derived_from_projected_minutes,21.1877,20.2272,0.05,1.386,1.386,1,0,0.4621,0.5379,0.2619,0.1605,0.0927,0.0303,0.0303,0.0303,0.0303,0.0303,0.0303,0.0303,0.0303,0.0303,0.0303,0.0303,0.0,0.0,0.0,0.0,0.0,0.5379,-116.0,116.0,morning,2026-05-30T22:47:50Z,6233da92#phase10c,30c4e23e-47a2-4ac0-bf0b-c3c6422ca067,ok,0.0,high,full,current_phase8,fallback_used,projected,derived_from_projected_minutes,bdl_plus_nba_official,2026-05-30T22:46:57Z,projected,not_available_yet,bdl_lineup_freshness_manifest,2026-05-30T21:12:58Z,model_grid
Jared McCain,1028027372,OKC,SAS,True,21713534,fg3m,1.5,1.5,stat_grid:fg3m_hurdle_v1+role_aware_pmf_cal_v1:rotation+monotone_pit_cdf_v1+sparse_hurdle_guarded,phase8_role_aware_pmf_cal_v1+monotone_inactive_global_v1,role_aware_pmf_cal_v1,rotation,derived_from_projected_minutes,21.1877,20.2272,0.05,1.386,1.386,1,0,0.4621,0.5379,0.2619,0.1605,0.0927,0.0303,0.0303,0.0303,0.0303,0.0303,0.0303,0.0303,0.0303,0.0303,0.0303,0.0303,0.0,0.0,0.0,0.0,0.0,0.2619,282.0,-282.0,morning,2026-05-30T22:47:50Z,6233da92#phase10c,30c4e23e-47a2-4ac0-bf0b-c3c6422ca067,ok,0.0,high,full,current_phase8,fallback_used,projected,derived_from_projected_minutes,bdl_plus_nba_official,2026-05-30T22:46:57Z,projected,not_available_yet,bdl_lineup_freshness_manifest,2026-05-30T21:12:58Z,model_grid
Jared McCain,1028027372,OKC,SAS,True,21713534,fg3m,2.5,2.5,stat_grid:fg3m_hurdle_v1+role_aware_pmf_cal_v1:rotation+monotone_pit_cdf_v1+sparse_hurdle_guarded,phase8_role_aware_pmf_cal_v1+monotone_inactive_global_v1,role_aware_pmf_cal_v1,rotation,derived_from_projected_minutes,21.1877,20.2272,0.05,1.386,1.386,1,0,0.4621,0.5379,0.2619,0.1605,0.0927,0.0303,0.0303,0.0303,0.0303,0.0303,0.0303,0.0303,0.0303,0.0303,0.0303,0.0303,0.0,0.0,0.0,0.0,0.0,0.1605,523.0,-523.0,morning,2026-05-30T22:47:50Z,6233da92#phase10c,30c4e23e-47a2-4ac0-bf0b-c3c6422ca067,ok,0.0,high,full,current_phase8,fallback_used,projected,derived_from_projected_minutes,bdl_plus_nba_official,2026-05-30T22:46:57Z,projected,not_available_yet,bdl_lineup_freshness_manifest,2026-05-30T21:12:58Z,model_grid
Jared McCain,1028027372,OKC,SAS,True,21713534,fg3m,3.5,3.5,stat_grid:fg3m_hurdle_v1+role_aware_pmf_cal_v1:rotation+monotone_pit_cdf_v1+sparse_hurdle_guarded,phase8_role_aware_pmf_cal_v1+monotone_inactive_global_v1,role_aware_pmf_cal_v1,rotation,derived_from_projected_minutes,21.1877,20.2272,0.05,1.386,1.386,1,0,0.4621,0.5379,0.2619,0.1605,0.0927,0.0303,0.0303,0.0303,0.0303,0.0303,0.0303,0.0303,0.0303,0.0303,0.0303,0.0303,0.0,0.0,0.0,0.0,0.0,0.0927,979.0,-979.0,morning,2026-05-30T22:47:50Z,6233da92#phase10c,30c4e23e-47a2-4ac0-bf0b-c3c6422ca067,ok,0.0,high,full,current_phase8,fallback_used,projected,derived_from_projected_minutes,bdl_plus_nba_official,2026-05-30T22:46:57Z,projected,not_available_yet,bdl_lineup_freshness_manifest,2026-05-30T21:12:58Z,model_grid
Jared McCain,1028027372,OKC,SAS,True,21713534,fg3m,4.5,4.5,stat_grid:fg3m_hurdle_v1+role_aware_pmf_cal_v1:rotation+monotone_pit_cdf_v1+sparse_hurdle_guarded,phase8_role_aware_pmf_cal_v1+monotone_inactive_global_v1,role_aware_pmf_cal_v1,rotation,derived_from_projected_minutes,21.1877,20.2272,0.05,1.386,1.386,1,0,0.4621,0.5379,0.2619,0.1605,0.0927,0.0303,0.0303,0.0303,0.0303,0.0303,0.0303,0.0303,0.0303,0.0303,0.0303,0.0303,0.0,0.0,0.0,0.0,0.0,0.0303,3203.0,-3203.0,morning,2026-05-30T22:47:50Z,6233da92#phase10c,30c4e23e-47a2-4ac0-bf0b-c3c6422ca067,ok,0.0,high,full,current_phase8,fallback_used,projected,derived_from_projected_minutes,bdl_plus_nba_official,2026-05-30T22:46:57Z,projected,not_available_yet,bdl_lineup_freshness_manifest,2026-05-30T21:12:58Z,model_grid
Jared McCain,1028027372,OKC,SAS,True,21713534,fg3m,5.5,5.5,stat_grid:fg3m_hurdle_v1+role_aware_pmf_cal_v1:rotation+monotone_pit_cdf_v1+sparse_hurdle_guarded,phase8_role_aware_pmf_cal_v1+monotone_inactive_global_v1,role_aware_pmf_cal_v1,rotation,derived_from_projected_minutes,21.1877,20.2272,0.05,1.386,1.386,1,0,0.4621,0.5379,0.2619,0.1605,0.0927,0.0303,0.0303,0.0303,0.0303,0.0303,0.0303,0.0303,0.0303,0.0303,0.0303,0.0303,0.0,0.0,0.0,0.0,0.0,0.0303,3203.0,-3203.0,morning,2026-05-30T22:47:50Z,6233da92#phase10c,30c4e23e-47a2-4ac0-bf0b-c3c6422ca067,ok,0.0,high,full,current_phase8,fallback_used,projected,derived_from_projected_minutes,bdl_plus_nba_official,2026-05-30T22:46:57Z,projected,not_available_yet,bdl_lineup_freshness_manifest,2026-05-30T21:12:58Z,model_grid
Jared McCain,1028027372,OKC,SAS,True,21713534,fg3m,6.5,6.5,stat_grid:fg3m_hurdle_v1+role_aware_pmf_cal_v1:rotation+monotone_pit_cdf_v1+sparse_hurdle_guarded,phase8_role_aware_pmf_cal_v1+monotone_inactive_global_v1,role_aware_pmf_cal_v1,rotation,derived_from_projected_minutes,21.1877,20.2272,0.05,1.386,1.386,1,0,0.4621,0.5379,0.2619,0.1605,0.0927,0.0303,0.0303,0.0303,0.0303,0.0303,0.0303,0.0303,0.0303,0.0303,0.0303,0.0303,0.0,0.0,0.0,0.0,0.0,0.0303,3203.0,-3203.0,morning,2026-05-30T22:47:50Z,6233da92#phase10c,30c4e23e-47a2-4ac0-bf0b-c3c6422ca067,ok,0.0,high,full,current_phase8,fallback_used,projected,derived_from_projected_minutes,bdl_plus_nba_official,2026-05-30T22:46:57Z,projected,not_available_yet,bdl_lineup_freshness_manifest,2026-05-30T21:12:58Z,model_grid
Jared McCain,1028027372,OKC,SAS,True,21713534,fg3m,7.5,7.5,stat_grid:fg3m_hurdle_v1+role_aware_pmf_cal_v1:rotation+monotone_pit_cdf_v1+sparse_hurdle_guarded,phase8_role_aware_pmf_cal_v1+monotone_inactive_global_v1,role_aware_pmf_cal_v1,rotation,derived_from_projected_minutes,21.1877,20.2272,0.05,1.386,1.386,1,0,0.4621,0.5379,0.2619,0.1605,0.0927,0.0303,0.0303,0.0303,0.0303,0.0303,0.0303,0.0303,0.0303,0.0303,0.0303,0.0303,0.0,0.0,0.0,0.0,0.0,0.0303,3203.0,-3203.0,morning,2026-05-30T22:47:50Z,6233da92#phase10c,30c4e23e-47a2-4ac0-bf0b-c3c6422ca067,ok,0.0,high,full,current_phase8,fallback_used,projected,derived_from_projected_minutes,bdl_plus_nba_official,2026-05-30T22:46:57Z,projected,not_available_yet,bdl_lineup_freshness_manifest,2026-05-30T21:12:58Z,model_grid
Jared McCain,1028027372,OKC,SAS,True,21713534,fg3m,8.5,8.5,stat_grid:fg3m_hurdle_v1+role_aware_pmf_cal_v1:rotation+monotone_pit_cdf_v1+sparse_hurdle_guarded,phase8_role_aware_pmf_cal_v1+monotone_inactive_global_v1,role_aware_pmf_cal_v1,rotation,derived_from_projected_minutes,21.1877,20.2272,0.05,1.386,1.386,1,0,0.4621,0.5379,0.2619,0.1605,0.0927,0.0303,0.0303,0.0303,0.0303,0.0303,0.0303,0.0303,0.0303,0.0303,0.0303,0.0303,0.0,0.0,0.0,0.0,0.0,0.0303,3203.0,-3203.0,morning,2026-05-30T22:47:50Z,6233da92#phase10c,30c4e23e-47a2-4ac0-bf0b-c3c6422ca067,ok,0.0,high,full,current_phase8,fallback_used,projected,derived_from_projected_minutes,bdl_plus_nba_official,2026-05-30T22:46:57Z,projected,not_available_yet,bdl_lineup_freshness_manifest,2026-05-30T21:12:58Z,model_grid
Jared McCain,1028027372,OKC,SAS,True,21713534,tov,0.5,0.5,stat_grid:pmf_sim_v1+role_aware_pmf_cal_v1:rotation+monotone_pit_cdf_v1+sparse_hurdle_guarded,phase8_role_aware_pmf_cal_v1+monotone_inactive_global_v1,role_aware_pmf_cal_v1,rotation,derived_from_projected_minutes,21.1877,20.2272,0.05,0.8759,0.8759,1,1,0.3644,0.6356,0.2243,0.0158,0.0002,0.0,0.0,0.0,0.0,0.0,0.0,0.0,0.0,0.0,0.0,0.0,0.0,0.0,0.0,0.0,0.0,0.6356,-174.0,174.0,morning,2026-05-30T22:47:50Z,6233da92#phase10c,30c4e23e-47a2-4ac0-bf0b-c3c6422ca067,ok,0.0,high,full,current_phase8,fallback_used,projected,derived_from_projected_minutes,bdl_plus_nba_official,2026-05-30T22:46:57Z,projected,not_available_yet,bdl_lineup_freshness_manifest,2026-05-30T21:12:58Z,model_grid
Jared McCain,1028027372,OKC,SAS,True,21713534,tov,1.5,1.5,stat_grid:pmf_sim_v1+role_aware_pmf_cal_v1:rotation+monotone_pit_cdf_v1+sparse_hurdle_guarded,phase8_role_aware_pmf_cal_v1+monotone_inactive_global_v1,role_aware_pmf_cal_v1,rotation,derived_from_projected_minutes,21.1877,20.2272,0.05,0.8759,0.8759,1,1,0.3644,0.6356,0.2243,0.0158,0.0002,0.0,0.0,0.0,0.0,0.0,0.0,0.0,0.0,0.0,0.0,0.0,0.0,0.0,0.0,0.0,0.0,0.2243,346.0,-346.0,morning,2026-05-30T22:47:50Z,6233da92#phase10c,30c4e23e-47a2-4ac0-bf0b-c3c6422ca067,ok,0.0,high,full,current_phase8,fallback_used,projected,derived_from_projected_minutes,bdl_plus_nba_official,2026-05-30T22:46:57Z,projected,not_available_yet,bdl_lineup_freshness_manifest,2026-05-30T21:12:58Z,model_grid
Jared McCain,1028027372,OKC,SAS,True,21713534,tov,2.5,2.5,stat_grid:pmf_sim_v1+role_aware_pmf_cal_v1:rotation+monotone_pit_cdf_v1+sparse_hurdle_guarded,phase8_role_aware_pmf_cal_v1+monotone_inactive_global_v1,role_aware_pmf_cal_v1,rotation,derived_from_projected_minutes,21.1877,20.2272,0.05,0.8759,0.8759,1,1,0.3644,0.6356,0.2243,0.0158,0.0002,0.0,0.0,0.0,0.0,0.0,0.0,0.0,0.0,0.0,0.0,0.0,0.0,0.0,0.0,0.0,0.0,0.0158,6232.0,-6232.0,morning,2026-05-30T22:47:50Z,6233da92#phase10c,30c4e23e-47a2-4ac0-bf0b-c3c6422ca067,ok,0.0,high,full,current_phase8,fallback_used,projected,derived_from_projected_minutes,bdl_plus_nba_official,2026-05-30T22:46:57Z,projected,not_available_yet,bdl_lineup_freshness_manifest,2026-05-30T21:12:58Z,model_grid
Jared McCain,1028027372,OKC,SAS,True,21713534,tov,3.5,3.5,stat_grid:pmf_sim_v1+role_aware_pmf_cal_v1:rotation+monotone_pit_cdf_v1+sparse_hurdle_guarded,phase8_role_aware_pmf_cal_v1+monotone_inactive_global_v1,role_aware_pmf_cal_v1,rotation,derived_from_projected_minutes,21.1877,20.2272,0.05,0.8759,0.8759,1,1,0.3644,0.6356,0.2243,0.0158,0.0002,0.0,0.0,0.0,0.0,0.0,0.0,0.0,0.0,0.0,0.0,0.0,0.0,0.0,0.0,0.0,0.0,0.0002,512325.0,-512325.0,morning,2026-05-30T22:47:50Z,6233da92#phase10c,30c4e23e-47a2-4ac0-bf0b-c3c6422ca067,ok,0.0,high,full,current_phase8,fallback_used,projected,derived_from_projected_minutes,bdl_plus_nba_official,2026-05-30T22:46:57Z,projected,not_available_yet,bdl_lineup_freshness_manifest,2026-05-30T21:12:58Z,model_grid
Jared McCain,1028027372,OKC,SAS,True,21713534,tov,4.5,4.5,stat_grid:pmf_sim_v1+role_aware_pmf_cal_v1:rotation+monotone_pit_cdf_v1+sparse_hurdle_guarded,phase8_role_aware_pmf_cal_v1+monotone_inactive_global_v1,role_aware_pmf_cal_v1,rotation,derived_from_projected_minutes,21.1877,20.2272,0.05,0.8759,0.8759,1,1,0.3644,0.6356,0.2243,0.0158,0.0002,0.0,0.0,0.0,0.0,0.0,0.0,0.0,0.0,0.0,0.0,0.0,0.0,0.0,0.0,0.0,0.0,0.0,55285540.0,-55285540.0,morning,2026-05-30T22:47:50Z,6233da92#phase10c,30c4e23e-47a2-4ac0-bf0b-c3c6422ca067,ok,0.0,high,full,current_phase8,fallback_used,projected,derived_from_projected_minutes,bdl_plus_nba_official,2026-05-30T22:46:57Z,projected,not_available_yet,bdl_lineup_freshness_manifest,2026-05-30T21:12:58Z,model_grid
Jared McCain,1028027372,OKC,SAS,True,21713534,tov,5.5,5.5,stat_grid:pmf_sim_v1+role_aware_pmf_cal_v1:rotation+monotone_pit_cdf_v1+sparse_hurdle_guarded,phase8_role_aware_pmf_cal_v1+monotone_inactive_global_v1,role_aware_pmf_cal_v1,rotation,derived_from_projected_minutes,21.1877,20.2272,0.05,0.8759,0.8759,1,1,0.3644,0.6356,0.2243,0.0158,0.0002,0.0,0.0,0.0,0.0,0.0,0.0,0.0,0.0,0.0,0.0,0.0,0.0,0.0,0.0,0.0,0.0,0.0,14031329038.0,-14031328958.0,morning,2026-05-30T22:47:50Z,6233da92#phase10c,30c4e23e-47a2-4ac0-bf0b-c3c6422ca067,ok,0.0,high,full,current_phase8,fallback_used,projected,derived_from_projected_minutes,bdl_plus_nba_official,2026-05-30T22:46:57Z,projected,not_available_yet,bdl_lineup_freshness_manifest,2026-05-30T21:12:58Z,model_grid
Jared McCain,1028027372,OKC,SAS,True,21713534,tov,6.5,6.5,stat_grid:pmf_sim_v1+role_aware_pmf_cal_v1:rotation+monotone_pit_cdf_v1+sparse_hurdle_guarded,phase8_role_aware_pmf_cal_v1+monotone_inactive_global_v1,role_aware_pmf_cal_v1,rotation,derived_from_projected_minutes,21.1877,20.2272,0.05,0.8759,0.8759,1,1,0.3644,0.6356,0.2243,0.0158,0.0002,0.0,0.0,0.0,0.0,0.0,0.0,0.0,0.0,0.0,0.0,0.0,0.0,0.0,0.0,0.0,0.0,0.0,3084942260188.0005,-3084942530456.0,morning,2026-05-30T22:47:50Z,6233da92#phase10c,30c4e23e-47a2-4ac0-bf0b-c3c6422ca067,ok,0.0,high,full,current_phase8,fallback_used,projected,derived_from_projected_minutes,bdl_plus_nba_official,2026-05-30T22:46:57Z,projected,not_available_yet,bdl_lineup_freshness_manifest,2026-05-30T21:12:58Z,model_grid
Jared McCain,1028027372,OKC,SAS,True,21713534,tov,7.5,7.5,stat_grid:pmf_sim_v1+role_aware_pmf_cal_v1:rotation+monotone_pit_cdf_v1+sparse_hurdle_guarded,phase8_role_aware_pmf_cal_v1+monotone_inactive_global_v1,role_aware_pmf_cal_v1,rotation,derived_from_projected_minutes,21.1877,20.2272,0.05,0.8759,0.8759,1,1,0.3644,0.6356,0.2243,0.0158,0.0002,0.0,0.0,0.0,0.0,0.0,0.0,0.0,0.0,0.0,0.0,0.0,0.0,0.0,0.0,0.0,0.0,0.0,1221382613304174.0,-1222143725202206.0,morning,2026-05-30T22:47:50Z,6233da92#phase10c,30c4e23e-47a2-4ac0-bf0b-c3c6422ca067,ok,0.0,high,full,current_phase8,fallback_used,projected,derived_from_projected_minutes,bdl_plus_nba_official,2026-05-30T22:46:57Z,projected,not_available_yet,bdl_lineup_freshness_manifest,2026-05-30T21:12:58Z,model_grid
Jared McCain,1028027372,OKC,SAS,True,21713534,stl,0.5,0.5,stat_grid:hurdle_v1+role_aware_pmf_cal_v1:rotation+monotone_pit_cdf_v1+sparse_hurdle_guarded,phase8_role_aware_pmf_cal_v1+monotone_inactive_global_v1,role_aware_pmf_cal_v1,rotation,derived_from_projected_minutes,21.1877,20.2272,0.05,0.3677,0.3677,0,0,0.7122,0.2878,0.068,0.008,0.0039,0.0,0.0,0.0,0.0,0.0,0.0,0.0,0.0,0.0,0.0,0.0,0.0,0.0,0.0,0.0,0.0,0.2878,247.0,-247.0,morning,2026-05-30T22:47:50Z,6233da92#phase10c,30c4e23e-47a2-4ac0-bf0b-c3c6422ca067,ok,0.0,high,full,current_phase8,fallback_used,projected,derived_from_projected_minutes,bdl_plus_nba_official,2026-05-30T22:46:57Z,projected,not_available_yet,bdl_lineup_freshness_manifest,2026-05-30T21:12:58Z,model_grid
Jared McCain,1028027372,OKC,SAS,True,21713534,stl,1.5,1.5,stat_grid:hurdle_v1+role_aware_pmf_cal_v1:rotation+monotone_pit_cdf_v1+sparse_hurdle_guarded,phase8_role_aware_pmf_cal_v1+monotone_inactive_global_v1,role_aware_pmf_cal_v1,rotation,derived_from_projected_minutes,21.1877,20.2272,0.05,0.3677,0.3677,0,0,0.7122,0.2878,0.068,0.008,0.0039,0.0,0.0,0.0,0.0,0.0,0.0,0.0,0.0,0.0,0.0,0.0,0.0,0.0,0.0,0.0,0.0,0.068,1370.0,-1370.0,morning,2026-05-30T22:47:50Z,6233da92#phase10c,30c4e23e-47a2-4ac0-bf0b-c3c6422ca067,ok,0.0,high,full,current_phase8,fallback_used,projected,derived_from_projected_minutes,bdl_plus_nba_official,2026-05-30T22:46:57Z,projected,not_available_yet,bdl_lineup_freshness_manifest,2026-05-30T21:12:58Z,model_grid
Jared McCain,1028027372,OKC,SAS,True,21713534,stl,2.5,2.5,stat_grid:hurdle_v1+role_aware_pmf_cal_v1:rotation+monotone_pit_cdf_v1+sparse_hurdle_guarded,phase8_role_aware_pmf_cal_v1+monotone_inactive_global_v1,role_aware_pmf_cal_v1,rotation,derived_from_projected_minutes,21.1877,20.2272,0.05,0.3677,0.3677,0,0,0.7122,0.2878,0.068,0.008,0.0039,0.0,0.0,0.0,0.0,0.0,0.0,0.0,0.0,0.0,0.0,0.0,0.0,0.0,0.0,0.0,0.0,0.008,12477.0,-12477.0,morning,2026-05-30T22:47:50Z,6233da92#phase10c,30c4e23e-47a2-4ac0-bf0b-c3c6422ca067,ok,0.0,high,full,current_phase8,fallback_used,projected,derived_from_projected_minutes,bdl_plus_nba_official,2026-05-30T22:46:57Z,projected,not_available_yet,bdl_lineup_freshness_manifest,2026-05-30T21:12:58Z,model_grid
Jared McCain,1028027372,OKC,SAS,True,21713534,stl,3.5,3.5,stat_grid:hurdle_v1+role_aware_pmf_cal_v1:rotation+monotone_pit_cdf_v1+sparse_hurdle_guarded,phase8_role_aware_pmf_cal_v1+monotone_inactive_global_v1,role_aware_pmf_cal_v1,rotation,derived_from_projected_minutes,21.1877,20.2272,0.05,0.3677,0.3677,0,0,0.7122,0.2878,0.068,0.008,0.0039,0.0,0.0,0.0,0.0,0.0,0.0,0.0,0.0,0.0,0.0,0.0,0.0,0.0,0.0,0.0,0.0,0.0039,25274.0,-25274.0,morning,2026-05-30T22:47:50Z,6233da92#phase10c,30c4e23e-47a2-4ac0-bf0b-c3c6422ca067,ok,0.0,high,full,current_phase8,fallback_used,projected,derived_from_projected_minutes,bdl_plus_nba_official,2026-05-30T22:46:57Z,projected,not_available_yet,bdl_lineup_freshness_manifest,2026-05-30T21:12:58Z,model_grid
Jared McCain,1028027372,OKC,SAS,True,21713534,stl,4.5,4.5,stat_grid:hurdle_v1+role_aware_pmf_cal_v1:rotation+monotone_pit_cdf_v1+sparse_hurdle_guarded,phase8_role_aware_pmf_cal_v1+monotone_inactive_global_v1,role_aware_pmf_cal_v1,rotation,derived_from_projected_minutes,21.1877,20.2272,0.05,0.3677,0.3677,0,0,0.7122,0.2878,0.068,0.008,0.0039,0.0,0.0,0.0,0.0,0.0,0.0,0.0,0.0,0.0,0.0,0.0,0.0,0.0,0.0,0.0,0.0,0.0,,,morning,2026-05-30T22:47:50Z,6233da92#phase10c,30c4e23e-47a2-4ac0-bf0b-c3c6422ca067,ok,0.0,high,full,current_phase8,fallback_used,projected,derived_from_projected_minutes,bdl_plus_nba_official,2026-05-30T22:46:57Z,projected,not_available_yet,bdl_lineup_freshness_manifest,2026-05-30T21:12:58Z,model_grid
Jared McCain,1028027372,OKC,SAS,True,21713534,stl,5.5,5.5,stat_grid:hurdle_v1+role_aware_pmf_cal_v1:rotation+monotone_pit_cdf_v1+sparse_hurdle_guarded,phase8_role_aware_pmf_cal_v1+monotone_inactive_global_v1,role_aware_pmf_cal_v1,rotation,derived_from_projected_minutes,21.1877,20.2272,0.05,0.3677,0.3677,0,0,0.7122,0.2878,0.068,0.008,0.0039,0.0,0.0,0.0,0.0,0.0,0.0,0.0,0.0,0.0,0.0,0.0,0.0,0.0,0.0,0.0,0.0,0.0,,,morning,2026-05-30T22:47:50Z,6233da92#phase10c,30c4e23e-47a2-4ac0-bf0b-c3c6422ca067,ok,0.0,high,full,current_phase8,fallback_used,projected,derived_from_projected_minutes,bdl_plus_nba_official,2026-05-30T22:46:57Z,projected,not_available_yet,bdl_lineup_freshness_manifest,2026-05-30T21:12:58Z,model_grid
Jared McCain,1028027372,OKC,SAS,True,21713534,stl,6.5,6.5,stat_grid:hurdle_v1+role_aware_pmf_cal_v1:rotation+monotone_pit_cdf_v1+sparse_hurdle_guarded,phase8_role_aware_pmf_cal_v1+monotone_inactive_global_v1,role_aware_pmf_cal_v1,rotation,derived_from_projected_minutes,21.1877,20.2272,0.05,0.3677,0.3677,0,0,0.7122,0.2878,0.068,0.008,0.0039,0.0,0.0,0.0,0.0,0.0,0.0,0.0,0.0,0.0,0.0,0.0,0.0,0.0,0.0,0.0,0.0,0.0,,,morning,2026-05-30T22:47:50Z,6233da92#phase10c,30c4e23e-47a2-4ac0-bf0b-c3c6422ca067,ok,0.0,high,full,current_phase8,fallback_used,projected,derived_from_projected_minutes,bdl_plus_nba_official,2026-05-30T22:46:57Z,projected,not_available_yet,bdl_lineup_freshness_manifest,2026-05-30T21:12:58Z,model_grid
Jared McCain,1028027372,OKC,SAS,True,21713534,stl,7.5,7.5,stat_grid:hurdle_v1+role_aware_pmf_cal_v1:rotation+monotone_pit_cdf_v1+sparse_hurdle_guarded,phase8_role_aware_pmf_cal_v1+monotone_inactive_global_v1,role_aware_pmf_cal_v1,rotation,derived_from_projected_minutes,21.1877,20.2272,0.05,0.3677,0.3677,0,0,0.7122,0.2878,0.068,0.008,0.0039,0.0,0.0,0.0,0.0,0.0,0.0,0.0,0.0,0.0,0.0,0.0,0.0,0.0,0.0,0.0,0.0,0.0,,,morning,2026-05-30T22:47:50Z,6233da92#phase10c,30c4e23e-47a2-4ac0-bf0b-c3c6422ca067,ok,0.0,high,full,current_phase8,fallback_used,projected,derived_from_projected_minutes,bdl_plus_nba_official,2026-05-30T22:46:57Z,projected,not_available_yet,bdl_lineup_freshness_manifest,2026-05-30T21:12:58Z,model_grid
Jared McCain,1028027372,OKC,SAS,True,21713534,stl,8.5,8.5,stat_grid:hurdle_v1+role_aware_pmf_cal_v1:rotation+monotone_pit_cdf_v1+sparse_hurdle_guarded,phase8_role_aware_pmf_cal_v1+monotone_inactive_global_v1,role_aware_pmf_cal_v1,rotation,derived_from_projected_minutes,21.1877,20.2272,0.05,0.3677,0.3677,0,0,0.7122,0.2878,0.068,0.008,0.0039,0.0,0.0,0.0,0.0,0.0,0.0,0.0,0.0,0.0,0.0,0.0,0.0,0.0,0.0,0.0,0.0,0.0,,,morning,2026-05-30T22:47:50Z,6233da92#phase10c,30c4e23e-47a2-4ac0-bf0b-c3c6422ca067,ok,0.0,high,full,current_phase8,fallback_used,projected,derived_from_projected_minutes,bdl_plus_nba_official,2026-05-30T22:46:57Z,projected,not_available_yet,bdl_lineup_freshness_manifest,2026-05-30T21:12:58Z,model_grid
Jared McCain,1028027372,OKC,SAS,True,21713534,stl,9.5,9.5,stat_grid:hurdle_v1+role_aware_pmf_cal_v1:rotation+monotone_pit_cdf_v1+sparse_hurdle_guarded,phase8_role_aware_pmf_cal_v1+monotone_inactive_global_v1,role_aware_pmf_cal_v1,rotation,derived_from_projected_minutes,21.1877,20.2272,0.05,0.3677,0.3677,0,0,0.7122,0.2878,0.068,0.008,0.0039,0.0,0.0,0.0,0.0,0.0,0.0,0.0,0.0,0.0,0.0,0.0,0.0,0.0,0.0,0.0,0.0,0.0,,,morning,2026-05-30T22:47:50Z,6233da92#phase10c,30c4e23e-47a2-4ac0-bf0b-c3c6422ca067,ok,0.0,high,full,current_phase8,fallback_used,projected,derived_from_projected_minutes,bdl_plus_nba_official,2026-05-30T22:46:57Z,projected,not_available_yet,bdl_lineup_freshness_manifest,2026-05-30T21:12:58Z,model_grid
Jared McCain,1028027372,OKC,SAS,True,21713534,stl,10.5,10.5,stat_grid:hurdle_v1+role_aware_pmf_cal_v1:rotation+monotone_pit_cdf_v1+sparse_hurdle_guarded,phase8_role_aware_pmf_cal_v1+monotone_inactive_global_v1,role_aware_pmf_cal_v1,rotation,derived_from_projected_minutes,21.1877,20.2272,0.05,0.3677,0.3677,0,0,0.7122,0.2878,0.068,0.008,0.0039,0.0,0.0,0.0,0.0,0.0,0.0,0.0,0.0,0.0,0.0,0.0,0.0,0.0,0.0,0.0,0.0,0.0,,,morning,2026-05-30T22:47:50Z,6233da92#phase10c,30c4e23e-47a2-4ac0-bf0b-c3c6422ca067,ok,0.0,high,full,current_phase8,fallback_used,projected,derived_from_projected_minutes,bdl_plus_nba_official,2026-05-30T22:46:57Z,projected,not_available_yet,bdl_lineup_freshness_manifest,2026-05-30T21:12:58Z,model_grid
Jared McCain,1028027372,OKC,SAS,True,21713534,stl,11.5,11.5,stat_grid:hurdle_v1+role_aware_pmf_cal_v1:rotation+monotone_pit_cdf_v1+sparse_hurdle_guarded,phase8_role_aware_pmf_cal_v1+monotone_inactive_global_v1,role_aware_pmf_cal_v1,rotation,derived_from_projected_minutes,21.1877,20.2272,0.05,0.3677,0.3677,0,0,0.7122,0.2878,0.068,0.008,0.0039,0.0,0.0,0.0,0.0,0.0,0.0,0.0,0.0,0.0,0.0,0.0,0.0,0.0,0.0,0.0,0.0,0.0,,,morning,2026-05-30T22:47:50Z,6233da92#phase10c,30c4e23e-47a2-4ac0-bf0b-c3c6422ca067,ok,0.0,high,full,current_phase8,fallback_used,projected,derived_from_projected_minutes,bdl_plus_nba_official,2026-05-30T22:46:57Z,projected,not_available_yet,bdl_lineup_freshness_manifest,2026-05-30T21:12:58Z,model_grid
Jared McCain,1028027372,OKC,SAS,True,21713534,stl,12.5,12.5,stat_grid:hurdle_v1+role_aware_pmf_cal_v1:rotation+monotone_pit_cdf_v1+sparse_hurdle_guarded,phase8_role_aware_pmf_cal_v1+monotone_inactive_global_v1,role_aware_pmf_cal_v1,rotation,derived_from_projected_minutes,21.1877,20.2272,0.05,0.3677,0.3677,0,0,0.7122,0.2878,0.068,0.008,0.0039,0.0,0.0,0.0,0.0,0.0,0.0,0.0,0.0,0.0,0.0,0.0,0.0,0.0,0.0,0.0,0.0,0.0,,,morning,2026-05-30T22:47:50Z,6233da92#phase10c,30c4e23e-47a2-4ac0-bf0b-c3c6422ca067,ok,0.0,high,full,current_phase8,fallback_used,projected,derived_from_projected_minutes,bdl_plus_nba_official,2026-05-30T22:46:57Z,projected,not_available_yet,bdl_lineup_freshness_manifest,2026-05-30T21:12:58Z,model_grid
Jared McCain,1028027372,OKC,SAS,True,21713534,stl,13.5,13.5,stat_grid:hurdle_v1+role_aware_pmf_cal_v1:rotation+monotone_pit_cdf_v1+sparse_hurdle_guarded,phase8_role_aware_pmf_cal_v1+monotone_inactive_global_v1,role_aware_pmf_cal_v1,rotation,derived_from_projected_minutes,21.1877,20.2272,0.05,0.3677,0.3677,0,0,0.7122,0.2878,0.068,0.008,0.0039,0.0,0.0,0.0,0.0,0.0,0.0,0.0,0.0,0.0,0.0,0.0,0.0,0.0,0.0,0.0,0.0,0.0,,,morning,2026-05-30T22:47:50Z,6233da92#phase10c,30c4e23e-47a2-4ac0-bf0b-c3c6422ca067,ok,0.0,high,full,current_phase8,fallback_used,projected,derived_from_projected_minutes,bdl_plus_nba_official,2026-05-30T22:46:57Z,projected,not_available_yet,bdl_lineup_freshness_manifest,2026-05-30T21:12:58Z,model_grid
Jared McCain,1028027372,OKC,SAS,True,21713534,stl,14.5,14.5,stat_grid:hurdle_v1+role_aware_pmf_cal_v1:rotation+monotone_pit_cdf_v1+sparse_hurdle_guarded,phase8_role_aware_pmf_cal_v1+monotone_inactive_global_v1,role_aware_pmf_cal_v1,rotation,derived_from_projected_minutes,21.1877,20.2272,0.05,0.3677,0.3677,0,0,0.7122,0.2878,0.068,0.008,0.0039,0.0,0.0,0.0,0.0,0.0,0.0,0.0,0.0,0.0,0.0,0.0,0.0,0.0,0.0,0.0,0.0,0.0,,,morning,2026-05-30T22:47:50Z,6233da92#phase10c,30c4e23e-47a2-4ac0-bf0b-c3c6422ca067,ok,0.0,high,full,current_phase8,fallback_used,projected,derived_from_projected_minutes,bdl_plus_nba_official,2026-05-30T22:46:57Z,projected,not_available_yet,bdl_lineup_freshness_manifest,2026-05-30T21:12:58Z,model_grid
Jared McCain,1028027372,OKC,SAS,True,21713534,stl,15.5,15.5,stat_grid:hurdle_v1+role_aware_pmf_cal_v1:rotation+monotone_pit_cdf_v1+sparse_hurdle_guarded,phase8_role_aware_pmf_cal_v1+monotone_inactive_global_v1,role_aware_pmf_cal_v1,rotation,derived_from_projected_minutes,21.1877,20.2272,0.05,0.3677,0.3677,0,0,0.7122,0.2878,0.068,0.008,0.0039,0.0,0.0,0.0,0.0,0.0,0.0,0.0,0.0,0.0,0.0,0.0,0.0,0.0,0.0,0.0,0.0,0.0,,,morning,2026-05-30T22:47:50Z,6233da92#phase10c,30c4e23e-47a2-4ac0-bf0b-c3c6422ca067,ok,0.0,high,full,current_phase8,fallback_used,projected,derived_from_projected_minutes,bdl_plus_nba_official,2026-05-30T22:46:57Z,projected,not_available_yet,bdl_lineup_freshness_manifest,2026-05-30T21:12:58Z,model_grid
Jared McCain,1028027372,OKC,SAS,True,21713534,stl,16.5,16.5,stat_grid:hurdle_v1+role_aware_pmf_cal_v1:rotation+monotone_pit_cdf_v1+sparse_hurdle_guarded,phase8_role_aware_pmf_cal_v1+monotone_inactive_global_v1,role_aware_pmf_cal_v1,rotation,derived_from_projected_minutes,21.1877,20.2272,0.05,0.3677,0.3677,0,0,0.7122,0.2878,0.068,0.008,0.0039,0.0,0.0,0.0,0.0,0.0,0.0,0.0,0.0,0.0,0.0,0.0,0.0,0.0,0.0,0.0,0.0,0.0,,,morning,2026-05-30T22:47:50Z,6233da92#phase10c,30c4e23e-47a2-4ac0-bf0b-c3c6422ca067,ok,0.0,high,full,current_phase8,fallback_used,projected,derived_from_projected_minutes,bdl_plus_nba_official,2026-05-30T22:46:57Z,projected,not_available_yet,bdl_lineup_freshness_manifest,2026-05-30T21:12:58Z,model_grid
Jared McCain,1028027372,OKC,SAS,True,21713534,stl,17.5,17.5,stat_grid:hurdle_v1+role_aware_pmf_cal_v1:rotation+monotone_pit_cdf_v1+sparse_hurdle_guarded,phase8_role_aware_pmf_cal_v1+monotone_inactive_global_v1,role_aware_pmf_cal_v1,rotation,derived_from_projected_minutes,21.1877,20.2272,0.05,0.3677,0.3677,0,0,0.7122,0.2878,0.068,0.008,0.0039,0.0,0.0,0.0,0.0,0.0,0.0,0.0,0.0,0.0,0.0,0.0,0.0,0.0,0.0,0.0,0.0,0.0,,,morning,2026-05-30T22:47:50Z,6233da92#phase10c,30c4e23e-47a2-4ac0-bf0b-c3c6422ca067,ok,0.0,high,full,current_phase8,fallback_used,projected,derived_from_projected_minutes,bdl_plus_nba_official,2026-05-30T22:46:57Z,projected,not_available_yet,bdl_lineup_freshness_manifest,2026-05-30T21:12:58Z,model_grid
Jared McCain,1028027372,OKC,SAS,True,21713534,stl,18.5,18.5,stat_grid:hurdle_v1+role_aware_pmf_cal_v1:rotation+monotone_pit_cdf_v1+sparse_hurdle_guarded,phase8_role_aware_pmf_cal_v1+monotone_inactive_global_v1,role_aware_pmf_cal_v1,rotation,derived_from_projected_minutes,21.1877,20.2272,0.05,0.3677,0.3677,0,0,0.7122,0.2878,0.068,0.008,0.0039,0.0,0.0,0.0,0.0,0.0,0.0,0.0,0.0,0.0,0.0,0.0,0.0,0.0,0.0,0.0,0.0,0.0,,,morning,2026-05-30T22:47:50Z,6233da92#phase10c,30c4e23e-47a2-4ac0-bf0b-c3c6422ca067,ok,0.0,high,full,current_phase8,fallback_used,projected,derived_from_projected_minutes,bdl_plus_nba_official,2026-05-30T22:46:57Z,projected,not_available_yet,bdl_lineup_freshness_manifest,2026-05-30T21:12:58Z,model_grid
Jared McCain,1028027372,OKC,SAS,True,21713534,stl,19.5,19.5,stat_grid:hurdle_v1+role_aware_pmf_cal_v1:rotation+monotone_pit_cdf_v1+sparse_hurdle_guarded,phase8_role_aware_pmf_cal_v1+monotone_inactive_global_v1,role_aware_pmf_cal_v1,rotation,derived_from_projected_minutes,21.1877,20.2272,0.05,0.3677,0.3677,0,0,0.7122,0.2878,0.068,0.008,0.0039,0.0,0.0,0.0,0.0,0.0,0.0,0.0,0.0,0.0,0.0,0.0,0.0,0.0,0.0,0.0,0.0,0.0,,,morning,2026-05-30T22:47:50Z,6233da92#phase10c,30c4e23e-47a2-4ac0-bf0b-c3c6422ca067,ok,0.0,high,full,current_phase8,fallback_used,projected,derived_from_projected_minutes,bdl_plus_nba_official,2026-05-30T22:46:57Z,projected,not_available_yet,bdl_lineup_freshness_manifest,2026-05-30T21:12:58Z,model_grid
Jared McCain,1028027372,OKC,SAS,True,21713534,blk,0.5,0.5,stat_grid:hurdle_v1+role_aware_pmf_cal_v1:rotation+monotone_pit_cdf_v1+sparse_hurdle_guarded,phase8_role_aware_pmf_cal_v1+monotone_inactive_global_v1,role_aware_pmf_cal_v1,rotation,derived_from_projected_minutes,21.1877,20.2272,0.05,0.13,0.13,0,0,0.8829,0.1171,0.0104,0.0025,0.0,0.0,0.0,0.0,0.0,0.0,0.0,0.0,0.0,0.0,0.0,0.0,0.0,0.0,0.0,0.0,0.0,0.1171,754.0,-754.0,morning,2026-05-30T22:47:50Z,6233da92#phase10c,30c4e23e-47a2-4ac0-bf0b-c3c6422ca067,ok,0.0,high,full,current_phase8,fallback_used,projected,derived_from_projected_minutes,bdl_plus_nba_official,2026-05-30T22:46:57Z,projected,not_available_yet,bdl_lineup_freshness_manifest,2026-05-30T21:12:58Z,model_grid
Jared McCain,1028027372,OKC,SAS,True,21713534,blk,1.5,1.5,stat_grid:hurdle_v1+role_aware_pmf_cal_v1:rotation+monotone_pit_cdf_v1+sparse_hurdle_guarded,phase8_role_aware_pmf_cal_v1+monotone_inactive_global_v1,role_aware_pmf_cal_v1,rotation,derived_from_projected_minutes,21.1877,20.2272,0.05,0.13,0.13,0,0,0.8829,0.1171,0.0104,0.0025,0.0,0.0,0.0,0.0,0.0,0.0,0.0,0.0,0.0,0.0,0.0,0.0,0.0,0.0,0.0,0.0,0.0,0.0104,9513.0,-9513.0,morning,2026-05-30T22:47:50Z,6233da92#phase10c,30c4e23e-47a2-4ac0-bf0b-c3c6422ca067,ok,0.0,high,full,current_phase8,fallback_used,projected,derived_from_projected_minutes,bdl_plus_nba_official,2026-05-30T22:46:57Z,projected,not_available_yet,bdl_lineup_freshness_manifest,2026-05-30T21:12:58Z,model_grid
Jared McCain,1028027372,OKC,SAS,True,21713534,blk,2.5,2.5,stat_grid:hurdle_v1+role_aware_pmf_cal_v1:rotation+monotone_pit_cdf_v1+sparse_hurdle_guarded,phase8_role_aware_pmf_cal_v1+monotone_inactive_global_v1,role_aware_pmf_cal_v1,rotation,derived_from_projected_minutes,21.1877,20.2272,0.05,0.13,0.13,0,0,0.8829,0.1171,0.0104,0.0025,0.0,0.0,0.0,0.0,0.0,0.0,0.0,0.0,0.0,0.0,0.0,0.0,0.0,0.0,0.0,0.0,0.0,0.0025,40452.0,-40452.0,morning,2026-05-30T22:47:50Z,6233da92#phase10c,30c4e23e-47a2-4ac0-bf0b-c3c6422ca067,ok,0.0,high,full,current_phase8,fallback_used,projected,derived_from_projected_minutes,bdl_plus_nba_official,2026-05-30T22:46:57Z,projected,not_available_yet,bdl_lineup_freshness_manifest,2026-05-30T21:12:58Z,model_grid
Jared McCain,1028027372,OKC,SAS,True,21713534,blk,3.5,3.5,stat_grid:hurdle_v1+role_aware_pmf_cal_v1:rotation+monotone_pit_cdf_v1+sparse_hurdle_guarded,phase8_role_aware_pmf_cal_v1+monotone_inactive_global_v1,role_aware_pmf_cal_v1,rotation,derived_from_projected_minutes,21.1877,20.2272,0.05,0.13,0.13,0,0,0.8829,0.1171,0.0104,0.0025,0.0,0.0,0.0,0.0,0.0,0.0,0.0,0.0,0.0,0.0,0.0,0.0,0.0,0.0,0.0,0.0,0.0,0.0,,,morning,2026-05-30T22:47:50Z,6233da92#phase10c,30c4e23e-47a2-4ac0-bf0b-c3c6422ca067,ok,0.0,high,full,current_phase8,fallback_used,projected,derived_from_projected_minutes,bdl_plus_nba_official,2026-05-30T22:46:57Z,projected,not_available_yet,bdl_lineup_freshness_manifest,2026-05-30T21:12:58Z,model_grid
Jared McCain,1028027372,OKC,SAS,True,21713534,blk,4.5,4.5,stat_grid:hurdle_v1+role_aware_pmf_cal_v1:rotation+monotone_pit_cdf_v1+sparse_hurdle_guarded,phase8_role_aware_pmf_cal_v1+monotone_inactive_global_v1,role_aware_pmf_cal_v1,rotation,derived_from_projected_minutes,21.1877,20.2272,0.05,0.13,0.13,0,0,0.8829,0.1171,0.0104,0.0025,0.0,0.0,0.0,0.0,0.0,0.0,0.0,0.0,0.0,0.0,0.0,0.0,0.0,0.0,0.0,0.0,0.0,0.0,,,morning,2026-05-30T22:47:50Z,6233da92#phase10c,30c4e23e-47a2-4ac0-bf0b-c3c6422ca067,ok,0.0,high,full,current_phase8,fallback_used,projected,derived_from_projected_minutes,bdl_plus_nba_official,2026-05-30T22:46:57Z,projected,not_available_yet,bdl_lineup_freshness_manifest,2026-05-30T21:12:58Z,model_grid
Jared McCain,1028027372,OKC,SAS,True,21713534,blk,5.5,5.5,stat_grid:hurdle_v1+role_aware_pmf_cal_v1:rotation+monotone_pit_cdf_v1+sparse_hurdle_guarded,phase8_role_aware_pmf_cal_v1+monotone_inactive_global_v1,role_aware_pmf_cal_v1,rotation,derived_from_projected_minutes,21.1877,20.2272,0.05,0.13,0.13,0,0,0.8829,0.1171,0.0104,0.0025,0.0,0.0,0.0,0.0,0.0,0.0,0.0,0.0,0.0,0.0,0.0,0.0,0.0,0.0,0.0,0.0,0.0,0.0,,,morning,2026-05-30T22:47:50Z,6233da92#phase10c,30c4e23e-47a2-4ac0-bf0b-c3c6422ca067,ok,0.0,high,full,current_phase8,fallback_used,projected,derived_from_projected_minutes,bdl_plus_nba_official,2026-05-30T22:46:57Z,projected,not_available_yet,bdl_lineup_freshness_manifest,2026-05-30T21:12:58Z,model_grid
Jared McCain,1028027372,OKC,SAS,True,21713534,blk,6.5,6.5,stat_grid:hurdle_v1+role_aware_pmf_cal_v1:rotation+monotone_pit_cdf_v1+sparse_hurdle_guarded,phase8_role_aware_pmf_cal_v1+monotone_inactive_global_v1,role_aware_pmf_cal_v1,rotation,derived_from_projected_minutes,21.1877,20.2272,0.05,0.13,0.13,0,0,0.8829,0.1171,0.0104,0.0025,0.0,0.0,0.0,0.0,0.0,0.0,0.0,0.0,0.0,0.0,0.0,0.0,0.0,0.0,0.0,0.0,0.0,0.0,,,morning,2026-05-30T22:47:50Z,6233da92#phase10c,30c4e23e-47a2-4ac0-bf0b-c3c6422ca067,ok,0.0,high,full,current_phase8,fallback_used,projected,derived_from_projected_minutes,bdl_plus_nba_official,2026-05-30T22:46:57Z,projected,not_available_yet,bdl_lineup_freshness_manifest,2026-05-30T21:12:58Z,model_grid
Jared McCain,1028027372,OKC,SAS,True,21713534,blk,7.5,7.5,stat_grid:hurdle_v1+role_aware_pmf_cal_v1:rotation+monotone_pit_cdf_v1+sparse_hurdle_guarded,phase8_role_aware_pmf_cal_v1+monotone_inactive_global_v1,role_aware_pmf_cal_v1,rotation,derived_from_projected_minutes,21.1877,20.2272,0.05,0.13,0.13,0,0,0.8829,0.1171,0.0104,0.0025,0.0,0.0,0.0,0.0,0.0,0.0,0.0,0.0,0.0,0.0,0.0,0.0,0.0,0.0,0.0,0.0,0.0,0.0,,,morning,2026-05-30T22:47:50Z,6233da92#phase10c,30c4e23e-47a2-4ac0-bf0b-c3c6422ca067,ok,0.0,high,full,current_phase8,fallback_used,projected,derived_from_projected_minutes,bdl_plus_nba_official,2026-05-30T22:46:57Z,projected,not_available_yet,bdl_lineup_freshness_manifest,2026-05-30T21:12:58Z,model_grid
Jared McCain,1028027372,OKC,SAS,True,21713534,blk,8.5,8.5,stat_grid:hurdle_v1+role_aware_pmf_cal_v1:rotation+monotone_pit_cdf_v1+sparse_hurdle_guarded,phase8_role_aware_pmf_cal_v1+monotone_inactive_global_v1,role_aware_pmf_cal_v1,rotation,derived_from_projected_minutes,21.1877,20.2272,0.05,0.13,0.13,0,0,0.8829,0.1171,0.0104,0.0025,0.0,0.0,0.0,0.0,0.0,0.0,0.0,0.0,0.0,0.0,0.0,0.0,0.0,0.0,0.0,0.0,0.0,0.0,,,morning,2026-05-30T22:47:50Z,6233da92#phase10c,30c4e23e-47a2-4ac0-bf0b-c3c6422ca067,ok,0.0,high,full,current_phase8,fallback_used,projected,derived_from_projected_minutes,bdl_plus_nba_official,2026-05-30T22:46:57Z,projected,not_available_yet,bdl_lineup_freshness_manifest,2026-05-30T21:12:58Z,model_grid
Jared McCain,1028027372,OKC,SAS,True,21713534,blk,9.5,9.5,stat_grid:hurdle_v1+role_aware_pmf_cal_v1:rotation+monotone_pit_cdf_v1+sparse_hurdle_guarded,phase8_role_aware_pmf_cal_v1+monotone_inactive_global_v1,role_aware_pmf_cal_v1,rotation,derived_from_projected_minutes,21.1877,20.2272,0.05,0.13,0.13,0,0,0.8829,0.1171,0.0104,0.0025,0.0,0.0,0.0,0.0,0.0,0.0,0.0,0.0,0.0,0.0,0.0,0.0,0.0,0.0,0.0,0.0,0.0,0.0,,,morning,2026-05-30T22:47:50Z,6233da92#phase10c,30c4e23e-47a2-4ac0-bf0b-c3c6422ca067,ok,0.0,high,full,current_phase8,fallback_used,projected,derived_from_projected_minutes,bdl_plus_nba_official,2026-05-30T22:46:57Z,projected,not_available_yet,bdl_lineup_freshness_manifest,2026-05-30T21:12:58Z,model_grid
Jared McCain,1028027372,OKC,SAS,True,21713534,blk,10.5,10.5,stat_grid:hurdle_v1+role_aware_pmf_cal_v1:rotation+monotone_pit_cdf_v1+sparse_hurdle_guarded,phase8_role_aware_pmf_cal_v1+monotone_inactive_global_v1,role_aware_pmf_cal_v1,rotation,derived_from_projected_minutes,21.1877,20.2272,0.05,0.13,0.13,0,0,0.8829,0.1171,0.0104,0.0025,0.0,0.0,0.0,0.0,0.0,0.0,0.0,0.0,0.0,0.0,0.0,0.0,0.0,0.0,0.0,0.0,0.0,0.0,,,morning,2026-05-30T22:47:50Z,6233da92#phase10c,30c4e23e-47a2-4ac0-bf0b-c3c6422ca067,ok,0.0,high,full,current_phase8,fallback_used,projected,derived_from_projected_minutes,bdl_plus_nba_official,2026-05-30T22:46:57Z,projected,not_available_yet,bdl_lineup_freshness_manifest,2026-05-30T21:12:58Z,model_grid
Jared McCain,1028027372,OKC,SAS,True,21713534,blk,11.5,11.5,stat_grid:hurdle_v1+role_aware_pmf_cal_v1:rotation+monotone_pit_cdf_v1+sparse_hurdle_guarded,phase8_role_aware_pmf_cal_v1+monotone_inactive_global_v1,role_aware_pmf_cal_v1,rotation,derived_from_projected_minutes,21.1877,20.2272,0.05,0.13,0.13,0,0,0.8829,0.1171,0.0104,0.0025,0.0,0.0,0.0,0.0,0.0,0.0,0.0,0.0,0.0,0.0,0.0,0.0,0.0,0.0,0.0,0.0,0.0,0.0,,,morning,2026-05-30T22:47:50Z,6233da92#phase10c,30c4e23e-47a2-4ac0-bf0b-c3c6422ca067,ok,0.0,high,full,current_phase8,fallback_used,projected,derived_from_projected_minutes,bdl_plus_nba_official,2026-05-30T22:46:57Z,projected,not_available_yet,bdl_lineup_freshness_manifest,2026-05-30T21:12:58Z,model_grid
Jared McCain,1028027372,OKC,SAS,True,21713534,blk,12.5,12.5,stat_grid:hurdle_v1+role_aware_pmf_cal_v1:rotation+monotone_pit_cdf_v1+sparse_hurdle_guarded,phase8_role_aware_pmf_cal_v1+monotone_inactive_global_v1,role_aware_pmf_cal_v1,rotation,derived_from_projected_minutes,21.1877,20.2272,0.05,0.13,0.13,0,0,0.8829,0.1171,0.0104,0.0025,0.0,0.0,0.0,0.0,0.0,0.0,0.0,0.0,0.0,0.0,0.0,0.0,0.0,0.0,0.0,0.0,0.0,0.0,,,morning,2026-05-30T22:47:50Z,6233da92#phase10c,30c4e23e-47a2-4ac0-bf0b-c3c6422ca067,ok,0.0,high,full,current_phase8,fallback_used,projected,derived_from_projected_minutes,bdl_plus_nba_official,2026-05-30T22:46:57Z,projected,not_available_yet,bdl_lineup_freshness_manifest,2026-05-30T21:12:58Z,model_grid
Jared McCain,1028027372,OKC,SAS,True,21713534,blk,13.5,13.5,stat_grid:hurdle_v1+role_aware_pmf_cal_v1:rotation+monotone_pit_cdf_v1+sparse_hurdle_guarded,phase8_role_aware_pmf_cal_v1+monotone_inactive_global_v1,role_aware_pmf_cal_v1,rotation,derived_from_projected_minutes,21.1877,20.2272,0.05,0.13,0.13,0,0,0.8829,0.1171,0.0104,0.0025,0.0,0.0,0.0,0.0,0.0,0.0,0.0,0.0,0.0,0.0,0.0,0.0,0.0,0.0,0.0,0.0,0.0,0.0,,,morning,2026-05-30T22:47:50Z,6233da92#phase10c,30c4e23e-47a2-4ac0-bf0b-c3c6422ca067,ok,0.0,high,full,current_phase8,fallback_used,projected,derived_from_projected_minutes,bdl_plus_nba_official,2026-05-30T22:46:57Z,projected,not_available_yet,bdl_lineup_freshness_manifest,2026-05-30T21:12:58Z,model_grid
Jared McCain,1028027372,OKC,SAS,True,21713534,blk,14.5,14.5,stat_grid:hurdle_v1+role_aware_pmf_cal_v1:rotation+monotone_pit_cdf_v1+sparse_hurdle_guarded,phase8_role_aware_pmf_cal_v1+monotone_inactive_global_v1,role_aware_pmf_cal_v1,rotation,derived_from_projected_minutes,21.1877,20.2272,0.05,0.13,0.13,0,0,0.8829,0.1171,0.0104,0.0025,0.0,0.0,0.0,0.0,0.0,0.0,0.0,0.0,0.0,0.0,0.0,0.0,0.0,0.0,0.0,0.0,0.0,0.0,,,morning,2026-05-30T22:47:50Z,6233da92#phase10c,30c4e23e-47a2-4ac0-bf0b-c3c6422ca067,ok,0.0,high,full,current_phase8,fallback_used,projected,derived_from_projected_minutes,bdl_plus_nba_official,2026-05-30T22:46:57Z,projected,not_available_yet,bdl_lineup_freshness_manifest,2026-05-30T21:12:58Z,model_grid
Jared McCain,1028027372,OKC,SAS,True,21713534,blk,15.5,15.5,stat_grid:hurdle_v1+role_aware_pmf_cal_v1:rotation+monotone_pit_cdf_v1+sparse_hurdle_guarded,phase8_role_aware_pmf_cal_v1+monotone_inactive_global_v1,role_aware_pmf_cal_v1,rotation,derived_from_projected_minutes,21.1877,20.2272,0.05,0.13,0.13,0,0,0.8829,0.1171,0.0104,0.0025,0.0,0.0,0.0,0.0,0.0,0.0,0.0,0.0,0.0,0.0,0.0,0.0,0.0,0.0,0.0,0.0,0.0,0.0,,,morning,2026-05-30T22:47:50Z,6233da92#phase10c,30c4e23e-47a2-4ac0-bf0b-c3c6422ca067,ok,0.0,high,full,current_phase8,fallback_used,projected,derived_from_projected_minutes,bdl_plus_nba_official,2026-05-30T22:46:57Z,projected,not_available_yet,bdl_lineup_freshness_manifest,2026-05-30T21:12:58Z,model_grid
Jared McCain,1028027372,OKC,SAS,True,21713534,blk,16.5,16.5,stat_grid:hurdle_v1+role_aware_pmf_cal_v1:rotation+monotone_pit_cdf_v1+sparse_hurdle_guarded,phase8_role_aware_pmf_cal_v1+monotone_inactive_global_v1,role_aware_pmf_cal_v1,rotation,derived_from_projected_minutes,21.1877,20.2272,0.05,0.13,0.13,0,0,0.8829,0.1171,0.0104,0.0025,0.0,0.0,0.0,0.0,0.0,0.0,0.0,0.0,0.0,0.0,0.0,0.0,0.0,0.0,0.0,0.0,0.0,0.0,,,morning,2026-05-30T22:47:50Z,6233da92#phase10c,30c4e23e-47a2-4ac0-bf0b-c3c6422ca067,ok,0.0,high,full,current_phase8,fallback_used,projected,derived_from_projected_minutes,bdl_plus_nba_official,2026-05-30T22:46:57Z,projected,not_available_yet,bdl_lineup_freshness_manifest,2026-05-30T21:12:58Z,model_grid
Jared McCain,1028027372,OKC,SAS,True,21713534,blk,17.5,17.5,stat_grid:hurdle_v1+role_aware_pmf_cal_v1:rotation+monotone_pit_cdf_v1+sparse_hurdle_guarded,phase8_role_aware_pmf_cal_v1+monotone_inactive_global_v1,role_aware_pmf_cal_v1,rotation,derived_from_projected_minutes,21.1877,20.2272,0.05,0.13,0.13,0,0,0.8829,0.1171,0.0104,0.0025,0.0,0.0,0.0,0.0,0.0,0.0,0.0,0.0,0.0,0.0,0.0,0.0,0.0,0.0,0.0,0.0,0.0,0.0,,,morning,2026-05-30T22:47:50Z,6233da92#phase10c,30c4e23e-47a2-4ac0-bf0b-c3c6422ca067,ok,0.0,high,full,current_phase8,fallback_used,projected,derived_from_projected_minutes,bdl_plus_nba_official,2026-05-30T22:46:57Z,projected,not_available_yet,bdl_lineup_freshness_manifest,2026-05-30T21:12:58Z,model_grid
Jared McCain,1028027372,OKC,SAS,True,21713534,blk,18.5,18.5,stat_grid:hurdle_v1+role_aware_pmf_cal_v1:rotation+monotone_pit_cdf_v1+sparse_hurdle_guarded,phase8_role_aware_pmf_cal_v1+monotone_inactive_global_v1,role_aware_pmf_cal_v1,rotation,derived_from_projected_minutes,21.1877,20.2272,0.05,0.13,0.13,0,0,0.8829,0.1171,0.0104,0.0025,0.0,0.0,0.0,0.0,0.0,0.0,0.0,0.0,0.0,0.0,0.0,0.0,0.0,0.0,0.0,0.0,0.0,0.0,,,morning,2026-05-30T22:47:50Z,6233da92#phase10c,30c4e23e-47a2-4ac0-bf0b-c3c6422ca067,ok,0.0,high,full,current_phase8,fallback_used,projected,derived_from_projected_minutes,bdl_plus_nba_official,2026-05-30T22:46:57Z,projected,not_available_yet,bdl_lineup_freshness_manifest,2026-05-30T21:12:58Z,model_grid
Jared McCain,1028027372,OKC,SAS,True,21713534,blk,19.5,19.5,stat_grid:hurdle_v1+role_aware_pmf_cal_v1:rotation+monotone_pit_cdf_v1+sparse_hurdle_guarded,phase8_role_aware_pmf_cal_v1+monotone_inactive_global_v1,role_aware_pmf_cal_v1,rotation,derived_from_projected_minutes,21.1877,20.2272,0.05,0.13,0.13,0,0,0.8829,0.1171,0.0104,0.0025,0.0,0.0,0.0,0.0,0.0,0.0,0.0,0.0,0.0,0.0,0.0,0.0,0.0,0.0,0.0,0.0,0.0,0.0,,,morning,2026-05-30T22:47:50Z,6233da92#phase10c,30c4e23e-47a2-4ac0-bf0b-c3c6422ca067,ok,0.0,high,full,current_phase8,fallback_used,projected,derived_from_projected_minutes,bdl_plus_nba_official,2026-05-30T22:46:57Z,projected,not_available_yet,bdl_lineup_freshness_manifest,2026-05-30T21:12:58Z,model_grid
Jared McCain,1028027372,OKC,SAS,True,21713534,stocks,0.5,0.5,"stat_grid:component_convolution_mean_coherent_v1+components[stl:hurdle_v1+role_aware_pmf_cal_v1:rotation+monotone_pit_cdf_v1+sparse_hurdle_guarded,blk:hurdle_v1+role_aware_pmf_cal_v1:rotation+monotone_pit_cdf_v1+sparse_hurdle_guarded]+prior_combo[joint_sampler_v1+joint_combo_pmf_v1+role_aware_pmf_cal_v1:rotation+monotone_pit_cdf_v1+sparse_hurdle_guarded]+stat_grid_final_component_convolution_mean_coherent_v1",phase8_role_aware_pmf_cal_v1+monotone_inactive_global_v1,phase8_pmf_cal,rotation,derived_from_projected_minutes,21.1877,20.2272,0.05,0.4998,0.4998,0,0,0.6288,0.3712,0.1012,0.0199,0.0067,0.0008,0.0001,0.0,0.0,0.0,0.0,0.0,0.0,0.0,0.0,0.0,0.0,0.0,0.0,0.0,0.0,0.3712,169.0,-169.0,morning,2026-05-30T22:47:50Z,6233da92#phase10c,30c4e23e-47a2-4ac0-bf0b-c3c6422ca067,ok,0.0,high,full,current_phase8,fallback_used,projected,derived_from_projected_minutes,bdl_plus_nba_official,2026-05-30T22:46:57Z,projected,not_available_yet,bdl_lineup_freshness_manifest,2026-05-30T21:12:58Z,model_grid
Jared McCain,1028027372,OKC,SAS,True,21713534,stocks,1.5,1.5,"stat_grid:component_convolution_mean_coherent_v1+components[stl:hurdle_v1+role_aware_pmf_cal_v1:rotation+monotone_pit_cdf_v1+sparse_hurdle_guarded,blk:hurdle_v1+role_aware_pmf_cal_v1:rotation+monotone_pit_cdf_v1+sparse_hurdle_guarded]+prior_combo[joint_sampler_v1+joint_combo_pmf_v1+role_aware_pmf_cal_v1:rotation+monotone_pit_cdf_v1+sparse_hurdle_guarded]+stat_grid_final_component_convolution_mean_coherent_v1",phase8_role_aware_pmf_cal_v1+monotone_inactive_global_v1,phase8_pmf_cal,rotation,derived_from_projected_minutes,21.1877,20.2272,0.05,0.4998,0.4998,0,0,0.6288,0.3712,0.1012,0.0199,0.0067,0.0008,0.0001,0.0,0.0,0.0,0.0,0.0,0.0,0.0,0.0,0.0,0.0,0.0,0.0,0.0,0.0,0.1012,889.0,-889.0,morning,2026-05-30T22:47:50Z,6233da92#phase10c,30c4e23e-47a2-4ac0-bf0b-c3c6422ca067,ok,0.0,high,full,current_phase8,fallback_used,projected,derived_from_projected_minutes,bdl_plus_nba_official,2026-05-30T22:46:57Z,projected,not_available_yet,bdl_lineup_freshness_manifest,2026-05-30T21:12:58Z,model_grid
Jared McCain,1028027372,OKC,SAS,True,21713534,stocks,2.5,2.5,"stat_grid:component_convolution_mean_coherent_v1+components[stl:hurdle_v1+role_aware_pmf_cal_v1:rotation+monotone_pit_cdf_v1+sparse_hurdle_guarded,blk:hurdle_v1+role_aware_pmf_cal_v1:rotation+monotone_pit_cdf_v1+sparse_hurdle_guarded]+prior_combo[joint_sampler_v1+joint_combo_pmf_v1+role_aware_pmf_cal_v1:rotation+monotone_pit_cdf_v1+sparse_hurdle_guarded]+stat_grid_final_component_convolution_mean_coherent_v1",phase8_role_aware_pmf_cal_v1+monotone_inactive_global_v1,phase8_pmf_cal,rotation,derived_from_projected_minutes,21.1877,20.2272,0.05,0.4998,0.4998,0,0,0.6288,0.3712,0.1012,0.0199,0.0067,0.0008,0.0001,0.0,0.0,0.0,0.0,0.0,0.0,0.0,0.0,0.0,0.0,0.0,0.0,0.0,0.0,0.0199,4916.0,-4916.0,morning,2026-05-30T22:47:50Z,6233da92#phase10c,30c4e23e-47a2-4ac0-bf0b-c3c6422ca067,ok,0.0,high,full,current_phase8,fallback_used,projected,derived_from_projected_minutes,bdl_plus_nba_official,2026-05-30T22:46:57Z,projected,not_available_yet,bdl_lineup_freshness_manifest,2026-05-30T21:12:58Z,model_grid
Jared McCain,1028027372,OKC,SAS,True,21713534,stocks,3.5,3.5,"stat_grid:component_convolution_mean_coherent_v1+components[stl:hurdle_v1+role_aware_pmf_cal_v1:rotation+monotone_pit_cdf_v1+sparse_hurdle_guarded,blk:hurdle_v1+role_aware_pmf_cal_v1:rotation+monotone_pit_cdf_v1+sparse_hurdle_guarded]+prior_combo[joint_sampler_v1+joint_combo_pmf_v1+role_aware_pmf_cal_v1:rotation+monotone_pit_cdf_v1+sparse_hurdle_guarded]+stat_grid_final_component_convolution_mean_coherent_v1",phase8_role_aware_pmf_cal_v1+monotone_inactive_global_v1,phase8_pmf_cal,rotation,derived_from_projected_minutes,21.1877,20.2272,0.05,0.4998,0.4998,0,0,0.6288,0.3712,0.1012,0.0199,0.0067,0.0008,0.0001,0.0,0.0,0.0,0.0,0.0,0.0,0.0,0.0,0.0,0.0,0.0,0.0,0.0,0.0,0.0067,14921.0,-14921.0,morning,2026-05-30T22:47:50Z,6233da92#phase10c,30c4e23e-47a2-4ac0-bf0b-c3c6422ca067,ok,0.0,high,full,current_phase8,fallback_used,projected,derived_from_projected_minutes,bdl_plus_nba_official,2026-05-30T22:46:57Z,projected,not_available_yet,bdl_lineup_freshness_manifest,2026-05-30T21:12:58Z,model_grid
Jared McCain,1028027372,OKC,SAS,True,21713534,stocks,4.5,4.5,"stat_grid:component_convolution_mean_coherent_v1+components[stl:hurdle_v1+role_aware_pmf_cal_v1:rotation+monotone_pit_cdf_v1+sparse_hurdle_guarded,blk:hurdle_v1+role_aware_pmf_cal_v1:rotation+monotone_pit_cdf_v1+sparse_hurdle_guarded]+prior_combo[joint_sampler_v1+joint_combo_pmf_v1+role_aware_pmf_cal_v1:rotation+monotone_pit_cdf_v1+sparse_hurdle_guarded]+stat_grid_final_component_convolution_mean_coherent_v1",phase8_role_aware_pmf_cal_v1+monotone_inactive_global_v1,phase8_pmf_cal,rotation,derived_from_projected_minutes,21.1877,20.2272,0.05,0.4998,0.4998,0,0,0.6288,0.3712,0.1012,0.0199,0.0067,0.0008,0.0001,0.0,0.0,0.0,0.0,0.0,0.0,0.0,0.0,0.0,0.0,0.0,0.0,0.0,0.0,0.0008,128650.0,-128650.0,morning,2026-05-30T22:47:50Z,6233da92#phase10c,30c4e23e-47a2-4ac0-bf0b-c3c6422ca067,ok,0.0,high,full,current_phase8,fallback_used,projected,derived_from_projected_minutes,bdl_plus_nba_official,2026-05-30T22:46:57Z,projected,not_available_yet,bdl_lineup_freshness_manifest,2026-05-30T21:12:58Z,model_grid
Jared McCain,1028027372,OKC,SAS,True,21713534,stocks,5.5,5.5,"stat_grid:component_convolution_mean_coherent_v1+components[stl:hurdle_v1+role_aware_pmf_cal_v1:rotation+monotone_pit_cdf_v1+sparse_hurdle_guarded,blk:hurdle_v1+role_aware_pmf_cal_v1:rotation+monotone_pit_cdf_v1+sparse_hurdle_guarded]+prior_combo[joint_sampler_v1+joint_combo_pmf_v1+role_aware_pmf_cal_v1:rotation+monotone_pit_cdf_v1+sparse_hurdle_guarded]+stat_grid_final_component_convolution_mean_coherent_v1",phase8_role_aware_pmf_cal_v1+monotone_inactive_global_v1,phase8_pmf_cal,rotation,derived_from_projected_minutes,21.1877,20.2272,0.05,0.4998,0.4998,0,0,0.6288,0.3712,0.1012,0.0199,0.0067,0.0008,0.0001,0.0,0.0,0.0,0.0,0.0,0.0,0.0,0.0,0.0,0.0,0.0,0.0,0.0,0.0,0.0001,1609013.0,-1609013.0,morning,2026-05-30T22:47:50Z,6233da92#phase10c,30c4e23e-47a2-4ac0-bf0b-c3c6422ca067,ok,0.0,high,full,current_phase8,fallback_used,projected,derived_from_projected_minutes,bdl_plus_nba_official,2026-05-30T22:46:57Z,projected,not_available_yet,bdl_lineup_freshness_manifest,2026-05-30T21:12:58Z,model_grid
Jared McCain,1028027372,OKC,SAS,True,21713534,stocks,6.5,6.5,"stat_grid:component_convolution_mean_coherent_v1+components[stl:hurdle_v1+role_aware_pmf_cal_v1:rotation+monotone_pit_cdf_v1+sparse_hurdle_guarded,blk:hurdle_v1+role_aware_pmf_cal_v1:rotation+monotone_pit_cdf_v1+sparse_hurdle_guarded]+prior_combo[joint_sampler_v1+joint_combo_pmf_v1+role_aware_pmf_cal_v1:rotation+monotone_pit_cdf_v1+sparse_hurdle_guarded]+stat_grid_final_component_convolution_mean_coherent_v1",phase8_role_aware_pmf_cal_v1+monotone_inactive_global_v1,phase8_pmf_cal,rotation,derived_from_projected_minutes,21.1877,20.2272,0.05,0.4998,0.4998,0,0,0.6288,0.3712,0.1012,0.0199,0.0067,0.0008,0.0001,0.0,0.0,0.0,0.0,0.0,0.0,0.0,0.0,0.0,0.0,0.0,0.0,0.0,0.0,0.0,8046127.0,-8046127.0,morning,2026-05-30T22:47:50Z,6233da92#phase10c,30c4e23e-47a2-4ac0-bf0b-c3c6422ca067,ok,0.0,high,full,current_phase8,fallback_used,projected,derived_from_projected_minutes,bdl_plus_nba_official,2026-05-30T22:46:57Z,projected,not_available_yet,bdl_lineup_freshness_manifest,2026-05-30T21:12:58Z,model_grid
Jared McCain,1028027372,OKC,SAS,True,21713534,stocks,7.5,7.5,"stat_grid:component_convolution_mean_coherent_v1+components[stl:hurdle_v1+role_aware_pmf_cal_v1:rotation+monotone_pit_cdf_v1+sparse_hurdle_guarded,blk:hurdle_v1+role_aware_pmf_cal_v1:rotation+monotone_pit_cdf_v1+sparse_hurdle_guarded]+prior_combo[joint_sampler_v1+joint_combo_pmf_v1+role_aware_pmf_cal_v1:rotation+monotone_pit_cdf_v1+sparse_hurdle_guarded]+stat_grid_final_component_convolution_mean_coherent_v1",phase8_role_aware_pmf_cal_v1+monotone_inactive_global_v1,phase8_pmf_cal,rotation,derived_from_projected_minutes,21.1877,20.2272,0.05,0.4998,0.4998,0,0,0.6288,0.3712,0.1012,0.0199,0.0067,0.0008,0.0001,0.0,0.0,0.0,0.0,0.0,0.0,0.0,0.0,0.0,0.0,0.0,0.0,0.0,0.0,0.0,,,morning,2026-05-30T22:47:50Z,6233da92#phase10c,30c4e23e-47a2-4ac0-bf0b-c3c6422ca067,ok,0.0,high,full,current_phase8,fallback_used,projected,derived_from_projected_minutes,bdl_plus_nba_official,2026-05-30T22:46:57Z,projected,not_available_yet,bdl_lineup_freshness_manifest,2026-05-30T21:12:58Z,model_grid
Jared McCain,1028027372,OKC,SAS,True,21713534,stocks,8.5,8.5,"stat_grid:component_convolution_mean_coherent_v1+components[stl:hurdle_v1+role_aware_pmf_cal_v1:rotation+monotone_pit_cdf_v1+sparse_hurdle_guarded,blk:hurdle_v1+role_aware_pmf_cal_v1:rotation+monotone_pit_cdf_v1+sparse_hurdle_guarded]+prior_combo[joint_sampler_v1+joint_combo_pmf_v1+role_aware_pmf_cal_v1:rotation+monotone_pit_cdf_v1+sparse_hurdle_guarded]+stat_grid_final_component_convolution_mean_coherent_v1",phase8_role_aware_pmf_cal_v1+monotone_inactive_global_v1,phase8_pmf_cal,rotation,derived_from_projected_minutes,21.1877,20.2272,0.05,0.4998,0.4998,0,0,0.6288,0.3712,0.1012,0.0199,0.0067,0.0008,0.0001,0.0,0.0,0.0,0.0,0.0,0.0,0.0,0.0,0.0,0.0,0.0,0.0,0.0,0.0,0.0,,,morning,2026-05-30T22:47:50Z,6233da92#phase10c,30c4e23e-47a2-4ac0-bf0b-c3c6422ca067,ok,0.0,high,full,current_phase8,fallback_used,projected,derived_from_projected_minutes,bdl_plus_nba_official,2026-05-30T22:46:57Z,projected,not_available_yet,bdl_lineup_freshness_manifest,2026-05-30T21:12:58Z,model_grid
Jared McCain,1028027372,OKC,SAS,True,21713534,stocks,9.5,9.5,"stat_grid:component_convolution_mean_coherent_v1+components[stl:hurdle_v1+role_aware_pmf_cal_v1:rotation+monotone_pit_cdf_v1+sparse_hurdle_guarded,blk:hurdle_v1+role_aware_pmf_cal_v1:rotation+monotone_pit_cdf_v1+sparse_hurdle_guarded]+prior_combo[joint_sampler_v1+joint_combo_pmf_v1+role_aware_pmf_cal_v1:rotation+monotone_pit_cdf_v1+sparse_hurdle_guarded]+stat_grid_final_component_convolution_mean_coherent_v1",phase8_role_aware_pmf_cal_v1+monotone_inactive_global_v1,phase8_pmf_cal,rotation,derived_from_projected_minutes,21.1877,20.2272,0.05,0.4998,0.4998,0,0,0.6288,0.3712,0.1012,0.0199,0.0067,0.0008,0.0001,0.0,0.0,0.0,0.0,0.0,0.0,0.0,0.0,0.0,0.0,0.0,0.0,0.0,0.0,0.0,,,morning,2026-05-30T22:47:50Z,6233da92#phase10c,30c4e23e-47a2-4ac0-bf0b-c3c6422ca067,ok,0.0,high,full,current_phase8,fallback_used,projected,derived_from_projected_minutes,bdl_plus_nba_official,2026-05-30T22:46:57Z,projected,not_available_yet,bdl_lineup_freshness_manifest,2026-05-30T21:12:58Z,model_grid
Jared McCain,1028027372,OKC,SAS,True,21713534,stocks,10.5,10.5,"stat_grid:component_convolution_mean_coherent_v1+components[stl:hurdle_v1+role_aware_pmf_cal_v1:rotation+monotone_pit_cdf_v1+sparse_hurdle_guarded,blk:hurdle_v1+role_aware_pmf_cal_v1:rotation+monotone_pit_cdf_v1+sparse_hurdle_guarded]+prior_combo[joint_sampler_v1+joint_combo_pmf_v1+role_aware_pmf_cal_v1:rotation+monotone_pit_cdf_v1+sparse_hurdle_guarded]+stat_grid_final_component_convolution_mean_coherent_v1",phase8_role_aware_pmf_cal_v1+monotone_inactive_global_v1,phase8_pmf_cal,rotation,derived_from_projected_minutes,21.1877,20.2272,0.05,0.4998,0.4998,0,0,0.6288,0.3712,0.1012,0.0199,0.0067,0.0008,0.0001,0.0,0.0,0.0,0.0,0.0,0.0,0.0,0.0,0.0,0.0,0.0,0.0,0.0,0.0,0.0,,,morning,2026-05-30T22:47:50Z,6233da92#phase10c,30c4e23e-47a2-4ac0-bf0b-c3c6422ca067,ok,0.0,high,full,current_phase8,fallback_used,projected,derived_from_projected_minutes,bdl_plus_nba_official,2026-05-30T22:46:57Z,projected,not_available_yet,bdl_lineup_freshness_manifest,2026-05-30T21:12:58Z,model_grid
Jared McCain,1028027372,OKC,SAS,True,21713534,stocks,11.5,11.5,"stat_grid:component_convolution_mean_coherent_v1+components[stl:hurdle_v1+role_aware_pmf_cal_v1:rotation+monotone_pit_cdf_v1+sparse_hurdle_guarded,blk:hurdle_v1+role_aware_pmf_cal_v1:rotation+monotone_pit_cdf_v1+sparse_hurdle_guarded]+prior_combo[joint_sampler_v1+joint_combo_pmf_v1+role_aware_pmf_cal_v1:rotation+monotone_pit_cdf_v1+sparse_hurdle_guarded]+stat_grid_final_component_convolution_mean_coherent_v1",phase8_role_aware_pmf_cal_v1+monotone_inactive_global_v1,phase8_pmf_cal,rotation,derived_from_projected_minutes,21.1877,20.2272,0.05,0.4998,0.4998,0,0,0.6288,0.3712,0.1012,0.0199,0.0067,0.0008,0.0001,0.0,0.0,0.0,0.0,0.0,0.0,0.0,0.0,0.0,0.0,0.0,0.0,0.0,0.0,0.0,,,morning,2026-05-30T22:47:50Z,6233da92#phase10c,30c4e23e-47a2-4ac0-bf0b-c3c6422ca067,ok,0.0,high,full,current_phase8,fallback_used,projected,derived_from_projected_minutes,bdl_plus_nba_official,2026-05-30T22:46:57Z,projected,not_available_yet,bdl_lineup_freshness_manifest,2026-05-30T21:12:58Z,model_grid
Jared McCain,1028027372,OKC,SAS,True,21713534,stocks,12.5,12.5,"stat_grid:component_convolution_mean_coherent_v1+components[stl:hurdle_v1+role_aware_pmf_cal_v1:rotation+monotone_pit_cdf_v1+sparse_hurdle_guarded,blk:hurdle_v1+role_aware_pmf_cal_v1:rotation+monotone_pit_cdf_v1+sparse_hurdle_guarded]+prior_combo[joint_sampler_v1+joint_combo_pmf_v1+role_aware_pmf_cal_v1:rotation+monotone_pit_cdf_v1+sparse_hurdle_guarded]+stat_grid_final_component_convolution_mean_coherent_v1",phase8_role_aware_pmf_cal_v1+monotone_inactive_global_v1,phase8_pmf_cal,rotation,derived_from_projected_minutes,21.1877,20.2272,0.05,0.4998,0.4998,0,0,0.6288,0.3712,0.1012,0.0199,0.0067,0.0008,0.0001,0.0,0.0,0.0,0.0,0.0,0.0,0.0,0.0,0.0,0.0,0.0,0.0,0.0,0.0,0.0,,,morning,2026-05-30T22:47:50Z,6233da92#phase10c,30c4e23e-47a2-4ac0-bf0b-c3c6422ca067,ok,0.0,high,full,current_phase8,fallback_used,projected,derived_from_projected_minutes,bdl_plus_nba_official,2026-05-30T22:46:57Z,projected,not_available_yet,bdl_lineup_freshness_manifest,2026-05-30T21:12:58Z,model_grid
Jared McCain,1028027372,OKC,SAS,True,21713534,stocks,13.5,13.5,"stat_grid:component_convolution_mean_coherent_v1+components[stl:hurdle_v1+role_aware_pmf_cal_v1:rotation+monotone_pit_cdf_v1+sparse_hurdle_guarded,blk:hurdle_v1+role_aware_pmf_cal_v1:rotation+monotone_pit_cdf_v1+sparse_hurdle_guarded]+prior_combo[joint_sampler_v1+joint_combo_pmf_v1+role_aware_pmf_cal_v1:rotation+monotone_pit_cdf_v1+sparse_hurdle_guarded]+stat_grid_final_component_convolution_mean_coherent_v1",phase8_role_aware_pmf_cal_v1+monotone_inactive_global_v1,phase8_pmf_cal,rotation,derived_from_projected_minutes,21.1877,20.2272,0.05,0.4998,0.4998,0,0,0.6288,0.3712,0.1012,0.0199,0.0067,0.0008,0.0001,0.0,0.0,0.0,0.0,0.0,0.0,0.0,0.0,0.0,0.0,0.0,0.0,0.0,0.0,0.0,,,morning,2026-05-30T22:47:50Z,6233da92#phase10c,30c4e23e-47a2-4ac0-bf0b-c3c6422ca067,ok,0.0,high,full,current_phase8,fallback_used,projected,derived_from_projected_minutes,bdl_plus_nba_official,2026-05-30T22:46:57Z,projected,not_available_yet,bdl_lineup_freshness_manifest,2026-05-30T21:12:58Z,model_grid
Jared McCain,1028027372,OKC,SAS,True,21713534,stocks,14.5,14.5,"stat_grid:component_convolution_mean_coherent_v1+components[stl:hurdle_v1+role_aware_pmf_cal_v1:rotation+monotone_pit_cdf_v1+sparse_hurdle_guarded,blk:hurdle_v1+role_aware_pmf_cal_v1:rotation+monotone_pit_cdf_v1+sparse_hurdle_guarded]+prior_combo[joint_sampler_v1+joint_combo_pmf_v1+role_aware_pmf_cal_v1:rotation+monotone_pit_cdf_v1+sparse_hurdle_guarded]+stat_grid_final_component_convolution_mean_coherent_v1",phase8_role_aware_pmf_cal_v1+monotone_inactive_global_v1,phase8_pmf_cal,rotation,derived_from_projected_minutes,21.1877,20.2272,0.05,0.4998,0.4998,0,0,0.6288,0.3712,0.1012,0.0199,0.0067,0.0008,0.0001,0.0,0.0,0.0,0.0,0.0,0.0,0.0,0.0,0.0,0.0,0.0,0.0,0.0,0.0,0.0,,,morning,2026-05-30T22:47:50Z,6233da92#phase10c,30c4e23e-47a2-4ac0-bf0b-c3c6422ca067,ok,0.0,high,full,current_phase8,fallback_used,projected,derived_from_projected_minutes,bdl_plus_nba_official,2026-05-30T22:46:57Z,projected,not_available_yet,bdl_lineup_freshness_manifest,2026-05-30T21:12:58Z,model_grid
Jared McCain,1028027372,OKC,SAS,True,21713534,stocks,15.5,15.5,"stat_grid:component_convolution_mean_coherent_v1+components[stl:hurdle_v1+role_aware_pmf_cal_v1:rotation+monotone_pit_cdf_v1+sparse_hurdle_guarded,blk:hurdle_v1+role_aware_pmf_cal_v1:rotation+monotone_pit_cdf_v1+sparse_hurdle_guarded]+prior_combo[joint_sampler_v1+joint_combo_pmf_v1+role_aware_pmf_cal_v1:rotation+monotone_pit_cdf_v1+sparse_hurdle_guarded]+stat_grid_final_component_convolution_mean_coherent_v1",phase8_role_aware_pmf_cal_v1+monotone_inactive_global_v1,phase8_pmf_cal,rotation,derived_from_projected_minutes,21.1877,20.2272,0.05,0.4998,0.4998,0,0,0.6288,0.3712,0.1012,0.0199,0.0067,0.0008,0.0001,0.0,0.0,0.0,0.0,0.0,0.0,0.0,0.0,0.0,0.0,0.0,0.0,0.0,0.0,0.0,,,morning,2026-05-30T22:47:50Z,6233da92#phase10c,30c4e23e-47a2-4ac0-bf0b-c3c6422ca067,ok,0.0,high,full,current_phase8,fallback_used,projected,derived_from_projected_minutes,bdl_plus_nba_official,2026-05-30T22:46:57Z,projected,not_available_yet,bdl_lineup_freshness_manifest,2026-05-30T21:12:58Z,model_grid
Jared McCain,1028027372,OKC,SAS,True,21713534,stocks,16.5,16.5,"stat_grid:component_convolution_mean_coherent_v1+components[stl:hurdle_v1+role_aware_pmf_cal_v1:rotation+monotone_pit_cdf_v1+sparse_hurdle_guarded,blk:hurdle_v1+role_aware_pmf_cal_v1:rotation+monotone_pit_cdf_v1+sparse_hurdle_guarded]+prior_combo[joint_sampler_v1+joint_combo_pmf_v1+role_aware_pmf_cal_v1:rotation+monotone_pit_cdf_v1+sparse_hurdle_guarded]+stat_grid_final_component_convolution_mean_coherent_v1",phase8_role_aware_pmf_cal_v1+monotone_inactive_global_v1,phase8_pmf_cal,rotation,derived_from_projected_minutes,21.1877,20.2272,0.05,0.4998,0.4998,0,0,0.6288,0.3712,0.1012,0.0199,0.0067,0.0008,0.0001,0.0,0.0,0.0,0.0,0.0,0.0,0.0,0.0,0.0,0.0,0.0,0.0,0.0,0.0,0.0,,,morning,2026-05-30T22:47:50Z,6233da92#phase10c,30c4e23e-47a2-4ac0-bf0b-c3c6422ca067,ok,0.0,high,full,current_phase8,fallback_used,projected,derived_from_projected_minutes,bdl_plus_nba_official,2026-05-30T22:46:57Z,projected,not_available_yet,bdl_lineup_freshness_manifest,2026-05-30T21:12:58Z,model_grid
Jared McCain,1028027372,OKC,SAS,True,21713534,stocks,17.5,17.5,"stat_grid:component_convolution_mean_coherent_v1+components[stl:hurdle_v1+role_aware_pmf_cal_v1:rotation+monotone_pit_cdf_v1+sparse_hurdle_guarded,blk:hurdle_v1+role_aware_pmf_cal_v1:rotation+monotone_pit_cdf_v1+sparse_hurdle_guarded]+prior_combo[joint_sampler_v1+joint_combo_pmf_v1+role_aware_pmf_cal_v1:rotation+monotone_pit_cdf_v1+sparse_hurdle_guarded]+stat_grid_final_component_convolution_mean_coherent_v1",phase8_role_aware_pmf_cal_v1+monotone_inactive_global_v1,phase8_pmf_cal,rotation,derived_from_projected_minutes,21.1877,20.2272,0.05,0.4998,0.4998,0,0,0.6288,0.3712,0.1012,0.0199,0.0067,0.0008,0.0001,0.0,0.0,0.0,0.0,0.0,0.0,0.0,0.0,0.0,0.0,0.0,0.0,0.0,0.0,0.0,,,morning,2026-05-30T22:47:50Z,6233da92#phase10c,30c4e23e-47a2-4ac0-bf0b-c3c6422ca067,ok,0.0,high,full,current_phase8,fallback_used,projected,derived_from_projected_minutes,bdl_plus_nba_official,2026-05-30T22:46:57Z,projected,not_available_yet,bdl_lineup_freshness_manifest,2026-05-30T21:12:58Z,model_grid
Jared McCain,1028027372,OKC,SAS,True,21713534,stocks,18.5,18.5,"stat_grid:component_convolution_mean_coherent_v1+components[stl:hurdle_v1+role_aware_pmf_cal_v1:rotation+monotone_pit_cdf_v1+sparse_hurdle_guarded,blk:hurdle_v1+role_aware_pmf_cal_v1:rotation+monotone_pit_cdf_v1+sparse_hurdle_guarded]+prior_combo[joint_sampler_v1+joint_combo_pmf_v1+role_aware_pmf_cal_v1:rotation+monotone_pit_cdf_v1+sparse_hurdle_guarded]+stat_grid_final_component_convolution_mean_coherent_v1",phase8_role_aware_pmf_cal_v1+monotone_inactive_global_v1,phase8_pmf_cal,rotation,derived_from_projected_minutes,21.1877,20.2272,0.05,0.4998,0.4998,0,0,0.6288,0.3712,0.1012,0.0199,0.0067,0.0008,0.0001,0.0,0.0,0.0,0.0,0.0,0.0,0.0,0.0,0.0,0.0,0.0,0.0,0.0,0.0,0.0,,,morning,2026-05-30T22:47:50Z,6233da92#phase10c,30c4e23e-47a2-4ac0-bf0b-c3c6422ca067,ok,0.0,high,full,current_phase8,fallback_used,projected,derived_from_projected_minutes,bdl_plus_nba_official,2026-05-30T22:46:57Z,projected,not_available_yet,bdl_lineup_freshness_manifest,2026-05-30T21:12:58Z,model_grid
Jared McCain,1028027372,OKC,SAS,True,21713534,stocks,19.5,19.5,"stat_grid:component_convolution_mean_coherent_v1+components[stl:hurdle_v1+role_aware_pmf_cal_v1:rotation+monotone_pit_cdf_v1+sparse_hurdle_guarded,blk:hurdle_v1+role_aware_pmf_cal_v1:rotation+monotone_pit_cdf_v1+sparse_hurdle_guarded]+prior_combo[joint_sampler_v1+joint_combo_pmf_v1+role_aware_pmf_cal_v1:rotation+monotone_pit_cdf_v1+sparse_hurdle_guarded]+stat_grid_final_component_convolution_mean_coherent_v1",phase8_role_aware_pmf_cal_v1+monotone_inactive_global_v1,phase8_pmf_cal,rotation,derived_from_projected_minutes,21.1877,20.2272,0.05,0.4998,0.4998,0,0,0.6288,0.3712,0.1012,0.0199,0.0067,0.0008,0.0001,0.0,0.0,0.0,0.0,0.0,0.0,0.0,0.0,0.0,0.0,0.0,0.0,0.0,0.0,0.0,,,morning,2026-05-30T22:47:50Z,6233da92#phase10c,30c4e23e-47a2-4ac0-bf0b-c3c6422ca067,ok,0.0,high,full,current_phase8,fallback_used,projected,derived_from_projected_minutes,bdl_plus_nba_official,2026-05-30T22:46:57Z,projected,not_available_yet,bdl_lineup_freshness_manifest,2026-05-30T21:12:58Z,model_grid
Jared McCain,1028027372,OKC,SAS,True,21713534,pa,0.5,0.5,"stat_grid:component_convolution_mean_coherent_v1+components[pts:pmf_sim_v1+role_aware_pmf_cal_v1:rotation+monotone_pit_cdf_v1,ast:pmf_sim_v1+role_aware_pmf_cal_v1:rotation+monotone_pit_cdf_v1]+prior_combo[joint_sampler_v1+joint_combo_pmf_v1+role_aware_pmf_cal_v1:rotation+monotone_pit_cdf_v1]+stat_grid_final_component_convolution_mean_coherent_v1",phase8_role_aware_pmf_cal_v1+monotone_inactive_global_v1,phase8_pmf_cal,rotation,derived_from_projected_minutes,21.1877,20.2272,0.05,13.7174,13.7174,13,12,0.0065,0.9935,0.9797,0.9557,0.9277,0.8986,0.8678,0.8345,0.7963,0.7521,0.7037,0.6502,0.5939,0.5337,0.4747,0.4188,0.368,0.3208,0.277,0.2383,0.203,0.9935,-15396.0,15396.0,morning,2026-05-30T22:47:50Z,6233da92#phase10c,30c4e23e-47a2-4ac0-bf0b-c3c6422ca067,ok,0.0,high,full,current_phase8,fallback_used,projected,derived_from_projected_minutes,bdl_plus_nba_official,2026-05-30T22:46:57Z,projected,not_available_yet,bdl_lineup_freshness_manifest,2026-05-30T21:12:58Z,model_grid
Jared McCain,1028027372,OKC,SAS,True,21713534,pa,1.5,1.5,"stat_grid:component_convolution_mean_coherent_v1+components[pts:pmf_sim_v1+role_aware_pmf_cal_v1:rotation+monotone_pit_cdf_v1,ast:pmf_sim_v1+role_aware_pmf_cal_v1:rotation+monotone_pit_cdf_v1]+prior_combo[joint_sampler_v1+joint_combo_pmf_v1+role_aware_pmf_cal_v1:rotation+monotone_pit_cdf_v1]+stat_grid_final_component_convolution_mean_coherent_v1",phase8_role_aware_pmf_cal_v1+monotone_inactive_global_v1,phase8_pmf_cal,rotation,derived_from_projected_minutes,21.1877,20.2272,0.05,13.7174,13.7174,13,12,0.0065,0.9935,0.9797,0.9557,0.9277,0.8986,0.8678,0.8345,0.7963,0.7521,0.7037,0.6502,0.5939,0.5337,0.4747,0.4188,0.368,0.3208,0.277,0.2383,0.203,0.9797,-4817.0,4817.0,morning,2026-05-30T22:47:50Z,6233da92#phase10c,30c4e23e-47a2-4ac0-bf0b-c3c6422ca067,ok,0.0,high,full,current_phase8,fallback_used,projected,derived_from_projected_minutes,bdl_plus_nba_official,2026-05-30T22:46:57Z,projected,not_available_yet,bdl_lineup_freshness_manifest,2026-05-30T21:12:58Z,model_grid
Jared McCain,1028027372,OKC,SAS,True,21713534,pa,2.5,2.5,"stat_grid:component_convolution_mean_coherent_v1+components[pts:pmf_sim_v1+role_aware_pmf_cal_v1:rotation+monotone_pit_cdf_v1,ast:pmf_sim_v1+role_aware_pmf_cal_v1:rotation+monotone_pit_cdf_v1]+prior_combo[joint_sampler_v1+joint_combo_pmf_v1+role_aware_pmf_cal_v1:rotation+monotone_pit_cdf_v1]+stat_grid_final_component_convolution_mean_coherent_v1",phase8_role_aware_pmf_cal_v1+monotone_inactive_global_v1,phase8_pmf_cal,rotation,derived_from_projected_minutes,21.1877,20.2272,0.05,13.7174,13.7174,13,12,0.0065,0.9935,0.9797,0.9557,0.9277,0.8986,0.8678,0.8345,0.7963,0.7521,0.7037,0.6502,0.5939,0.5337,0.4747,0.4188,0.368,0.3208,0.277,0.2383,0.203,0.9557,-2156.0,2156.0,morning,2026-05-30T22:47:50Z,6233da92#phase10c,30c4e23e-47a2-4ac0-bf0b-c3c6422ca067,ok,0.0,high,full,current_phase8,fallback_used,projected,derived_from_projected_minutes,bdl_plus_nba_official,2026-05-30T22:46:57Z,projected,not_available_yet,bdl_lineup_freshness_manifest,2026-05-30T21:12:58Z,model_grid
Jared McCain,1028027372,OKC,SAS,True,21713534,pa,3.5,3.5,"stat_grid:component_convolution_mean_coherent_v1+components[pts:pmf_sim_v1+role_aware_pmf_cal_v1:rotation+monotone_pit_cdf_v1,ast:pmf_sim_v1+role_aware_pmf_cal_v1:rotation+monotone_pit_cdf_v1]+prior_combo[joint_sampler_v1+joint_combo_pmf_v1+role_aware_pmf_cal_v1:rotation+monotone_pit_cdf_v1]+stat_grid_final_component_convolution_mean_coherent_v1",phase8_role_aware_pmf_cal_v1+monotone_inactive_global_v1,phase8_pmf_cal,rotation,derived_from_projected_minutes,21.1877,20.2272,0.05,13.7174,13.7174,13,12,0.0065,0.9935,0.9797,0.9557,0.9277,0.8986,0.8678,0.8345,0.7963,0.7521,0.7037,0.6502,0.5939,0.5337,0.4747,0.4188,0.368,0.3208,0.277,0.2383,0.203,0.9277,-1283.0,1283.0,morning,2026-05-30T22:47:50Z,6233da92#phase10c,30c4e23e-47a2-4ac0-bf0b-c3c6422ca067,ok,0.0,high,full,current_phase8,fallback_used,projected,derived_from_projected_minutes,bdl_plus_nba_official,2026-05-30T22:46:57Z,projected,not_available_yet,bdl_lineup_freshness_manifest,2026-05-30T21:12:58Z,model_grid
Jared McCain,1028027372,OKC,SAS,True,21713534,pa,4.5,4.5,"stat_grid:component_convolution_mean_coherent_v1+components[pts:pmf_sim_v1+role_aware_pmf_cal_v1:rotation+monotone_pit_cdf_v1,ast:pmf_sim_v1+role_aware_pmf_cal_v1:rotation+monotone_pit_cdf_v1]+prior_combo[joint_sampler_v1+joint_combo_pmf_v1+role_aware_pmf_cal_v1:rotation+monotone_pit_cdf_v1]+stat_grid_final_component_convolution_mean_coherent_v1",phase8_role_aware_pmf_cal_v1+monotone_inactive_global_v1,phase8_pmf_cal,rotation,derived_from_projected_minutes,21.1877,20.2272,0.05,13.7174,13.7174,13,12,0.0065,0.9935,0.9797,0.9557,0.9277,0.8986,0.8678,0.8345,0.7963,0.7521,0.7037,0.6502,0.5939,0.5337,0.4747,0.4188,0.368,0.3208,0.277,0.2383,0.203,0.8986,-886.0,886.0,morning,2026-05-30T22:47:50Z,6233da92#phase10c,30c4e23e-47a2-4ac0-bf0b-c3c6422ca067,ok,0.0,high,full,current_phase8,fallback_used,projected,derived_from_projected_minutes,bdl_plus_nba_official,2026-05-30T22:46:57Z,projected,not_available_yet,bdl_lineup_freshness_manifest,2026-05-30T21:12:58Z,model_grid
Jared McCain,1028027372,OKC,SAS,True,21713534,pa,5.5,5.5,"stat_grid:component_convolution_mean_coherent_v1+components[pts:pmf_sim_v1+role_aware_pmf_cal_v1:rotation+monotone_pit_cdf_v1,ast:pmf_sim_v1+role_aware_pmf_cal_v1:rotation+monotone_pit_cdf_v1]+prior_combo[joint_sampler_v1+joint_combo_pmf_v1+role_aware_pmf_cal_v1:rotation+monotone_pit_cdf_v1]+stat_grid_final_component_convolution_mean_coherent_v1",phase8_role_aware_pmf_cal_v1+monotone_inactive_global_v1,phase8_pmf_cal,rotation,derived_from_projected_minutes,21.1877,20.2272,0.05,13.7174,13.7174,13,12,0.0065,0.9935,0.9797,0.9557,0.9277,0.8986,0.8678,0.8345,0.7963,0.7521,0.7037,0.6502,0.5939,0.5337,0.4747,0.4188,0.368,0.3208,0.277,0.2383,0.203,0.8678,-657.0,657.0,morning,2026-05-30T22:47:50Z,6233da92#phase10c,30c4e23e-47a2-4ac0-bf0b-c3c6422ca067,ok,0.0,high,full,current_phase8,fallback_used,projected,derived_from_projected_minutes,bdl_plus_nba_official,2026-05-30T22:46:57Z,projected,not_available_yet,bdl_lineup_freshness_manifest,2026-05-30T21:12:58Z,model_grid
Jared McCain,1028027372,OKC,SAS,True,21713534,pa,6.5,6.5,"stat_grid:component_convolution_mean_coherent_v1+components[pts:pmf_sim_v1+role_aware_pmf_cal_v1:rotation+monotone_pit_cdf_v1,ast:pmf_sim_v1+role_aware_pmf_cal_v1:rotation+monotone_pit_cdf_v1]+prior_combo[joint_sampler_v1+joint_combo_pmf_v1+role_aware_pmf_cal_v1:rotation+monotone_pit_cdf_v1]+stat_grid_final_component_convolution_mean_coherent_v1",phase8_role_aware_pmf_cal_v1+monotone_inactive_global_v1,phase8_pmf_cal,rotation,derived_from_projected_minutes,21.1877,20.2272,0.05,13.7174,13.7174,13,12,0.0065,0.9935,0.9797,0.9557,0.9277,0.8986,0.8678,0.8345,0.7963,0.7521,0.7037,0.6502,0.5939,0.5337,0.4747,0.4188,0.368,0.3208,0.277,0.2383,0.203,0.8345,-504.0,504.0,morning,2026-05-30T22:47:50Z,6233da92#phase10c,30c4e23e-47a2-4ac0-bf0b-c3c6422ca067,ok,0.0,high,full,current_phase8,fallback_used,projected,derived_from_projected_minutes,bdl_plus_nba_official,2026-05-30T22:46:57Z,projected,not_available_yet,bdl_lineup_freshness_manifest,2026-05-30T21:12:58Z,model_grid
Jared McCain,1028027372,OKC,SAS,True,21713534,pa,7.5,7.5,"stat_grid:component_convolution_mean_coherent_v1+components[pts:pmf_sim_v1+role_aware_pmf_cal_v1:rotation+monotone_pit_cdf_v1,ast:pmf_sim_v1+role_aware_pmf_cal_v1:rotation+monotone_pit_cdf_v1]+prior_combo[joint_sampler_v1+joint_combo_pmf_v1+role_aware_pmf_cal_v1:rotation+monotone_pit_cdf_v1]+stat_grid_final_component_convolution_mean_coherent_v1",phase8_role_aware_pmf_cal_v1+monotone_inactive_global_v1,phase8_pmf_cal,rotation,derived_from_projected_minutes,21.1877,20.2272,0.05,13.7174,13.7174,13,12,0.0065,0.9935,0.9797,0.9557,0.9277,0.8986,0.8678,0.8345,0.7963,0.7521,0.7037,0.6502,0.5939,0.5337,0.4747,0.4188,0.368,0.3208,0.277,0.2383,0.203,0.7963,-391.0,391.0,morning,2026-05-30T22:47:50Z,6233da92#phase10c,30c4e23e-47a2-4ac0-bf0b-c3c6422ca067,ok,0.0,high,full,current_phase8,fallback_used,projected,derived_from_projected_minutes,bdl_plus_nba_official,2026-05-30T22:46:57Z,projected,not_available_yet,bdl_lineup_freshness_manifest,2026-05-30T21:12:58Z,model_grid
Jared McCain,1028027372,OKC,SAS,True,21713534,pa,8.5,8.5,"stat_grid:component_convolution_mean_coherent_v1+components[pts:pmf_sim_v1+role_aware_pmf_cal_v1:rotation+monotone_pit_cdf_v1,ast:pmf_sim_v1+role_aware_pmf_cal_v1:rotation+monotone_pit_cdf_v1]+prior_combo[joint_sampler_v1+joint_combo_pmf_v1+role_aware_pmf_cal_v1:rotation+monotone_pit_cdf_v1]+stat_grid_final_component_convolution_mean_coherent_v1",phase8_role_aware_pmf_cal_v1+monotone_inactive_global_v1,phase8_pmf_cal,rotation,derived_from_projected_minutes,21.1877,20.2272,0.05,13.7174,13.7174,13,12,0.0065,0.9935,0.9797,0.9557,0.9277,0.8986,0.8678,0.8345,0.7963,0.7521,0.7037,0.6502,0.5939,0.5337,0.4747,0.4188,0.368,0.3208,0.277,0.2383,0.203,0.7521,-303.0,303.0,morning,2026-05-30T22:47:50Z,6233da92#phase10c,30c4e23e-47a2-4ac0-bf0b-c3c6422ca067,ok,0.0,high,full,current_phase8,fallback_used,projected,derived_from_projected_minutes,bdl_plus_nba_official,2026-05-30T22:46:57Z,projected,not_available_yet,bdl_lineup_freshness_manifest,2026-05-30T21:12:58Z,model_grid
Jared McCain,1028027372,OKC,SAS,True,21713534,pa,9.5,9.5,"stat_grid:component_convolution_mean_coherent_v1+components[pts:pmf_sim_v1+role_aware_pmf_cal_v1:rotation+monotone_pit_cdf_v1,ast:pmf_sim_v1+role_aware_pmf_cal_v1:rotation+monotone_pit_cdf_v1]+prior_combo[joint_sampler_v1+joint_combo_pmf_v1+role_aware_pmf_cal_v1:rotation+monotone_pit_cdf_v1]+stat_grid_final_component_convolution_mean_coherent_v1",phase8_role_aware_pmf_cal_v1+monotone_inactive_global_v1,phase8_pmf_cal,rotation,derived_from_projected_minutes,21.1877,20.2272,0.05,13.7174,13.7174,13,12,0.0065,0.9935,0.9797,0.9557,0.9277,0.8986,0.8678,0.8345,0.7963,0.7521,0.7037,0.6502,0.5939,0.5337,0.4747,0.4188,0.368,0.3208,0.277,0.2383,0.203,0.7037,-238.0,238.0,morning,2026-05-30T22:47:50Z,6233da92#phase10c,30c4e23e-47a2-4ac0-bf0b-c3c6422ca067,ok,0.0,high,full,current_phase8,fallback_used,projected,derived_from_projected_minutes,bdl_plus_nba_official,2026-05-30T22:46:57Z,projected,not_available_yet,bdl_lineup_freshness_manifest,2026-05-30T21:12:58Z,model_grid
Jared McCain,1028027372,OKC,SAS,True,21713534,pa,10.5,10.5,"stat_grid:component_convolution_mean_coherent_v1+components[pts:pmf_sim_v1+role_aware_pmf_cal_v1:rotation+monotone_pit_cdf_v1,ast:pmf_sim_v1+role_aware_pmf_cal_v1:rotation+monotone_pit_cdf_v1]+prior_combo[joint_sampler_v1+joint_combo_pmf_v1+role_aware_pmf_cal_v1:rotation+monotone_pit_cdf_v1]+stat_grid_final_component_convolution_mean_coherent_v1",phase8_role_aware_pmf_cal_v1+monotone_inactive_global_v1,phase8_pmf_cal,rotation,derived_from_projected_minutes,21.1877,20.2272,0.05,13.7174,13.7174,13,12,0.0065,0.9935,0.9797,0.9557,0.9277,0.8986,0.8678,0.8345,0.7963,0.7521,0.7037,0.6502,0.5939,0.5337,0.4747,0.4188,0.368,0.3208,0.277,0.2383,0.203,0.6502,-186.0,186.0,morning,2026-05-30T22:47:50Z,6233da92#phase10c,30c4e23e-47a2-4ac0-bf0b-c3c6422ca067,ok,0.0,high,full,current_phase8,fallback_used,projected,derived_from_projected_minutes,bdl_plus_nba_official,2026-05-30T22:46:57Z,projected,not_available_yet,bdl_lineup_freshness_manifest,2026-05-30T21:12:58Z,model_grid
Jared McCain,1028027372,OKC,SAS,True,21713534,pa,11.5,11.5,"stat_grid:component_convolution_mean_coherent_v1+components[pts:pmf_sim_v1+role_aware_pmf_cal_v1:rotation+monotone_pit_cdf_v1,ast:pmf_sim_v1+role_aware_pmf_cal_v1:rotation+monotone_pit_cdf_v1]+prior_combo[joint_sampler_v1+joint_combo_pmf_v1+role_aware_pmf_cal_v1:rotation+monotone_pit_cdf_v1]+stat_grid_final_component_convolution_mean_coherent_v1",phase8_role_aware_pmf_cal_v1+monotone_inactive_global_v1,phase8_pmf_cal,rotation,derived_from_projected_minutes,21.1877,20.2272,0.05,13.7174,13.7174,13,12,0.0065,0.9935,0.9797,0.9557,0.9277,0.8986,0.8678,0.8345,0.7963,0.7521,0.7037,0.6502,0.5939,0.5337,0.4747,0.4188,0.368,0.3208,0.277,0.2383,0.203,0.5939,-146.0,146.0,morning,2026-05-30T22:47:50Z,6233da92#phase10c,30c4e23e-47a2-4ac0-bf0b-c3c6422ca067,ok,0.0,high,full,current_phase8,fallback_used,projected,derived_from_projected_minutes,bdl_plus_nba_official,2026-05-30T22:46:57Z,projected,not_available_yet,bdl_lineup_freshness_manifest,2026-05-30T21:12:58Z,model_grid
Jared McCain,1028027372,OKC,SAS,True,21713534,pa,12.5,12.5,"stat_grid:component_convolution_mean_coherent_v1+components[pts:pmf_sim_v1+role_aware_pmf_cal_v1:rotation+monotone_pit_cdf_v1,ast:pmf_sim_v1+role_aware_pmf_cal_v1:rotation+monotone_pit_cdf_v1]+prior_combo[joint_sampler_v1+joint_combo_pmf_v1+role_aware_pmf_cal_v1:rotation+monotone_pit_cdf_v1]+stat_grid_final_component_convolution_mean_coherent_v1",phase8_role_aware_pmf_cal_v1+monotone_inactive_global_v1,phase8_pmf_cal,rotation,derived_from_projected_minutes,21.1877,20.2272,0.05,13.7174,13.7174,13,12,0.0065,0.9935,0.9797,0.9557,0.9277,0.8986,0.8678,0.8345,0.7963,0.7521,0.7037,0.6502,0.5939,0.5337,0.4747,0.4188,0.368,0.3208,0.277,0.2383,0.203,0.5337,-114.0,114.0,morning,2026-05-30T22:47:50Z,6233da92#phase10c,30c4e23e-47a2-4ac0-bf0b-c3c6422ca067,ok,0.0,high,full,current_phase8,fallback_used,projected,derived_from_projected_minutes,bdl_plus_nba_official,2026-05-30T22:46:57Z,projected,not_available_yet,bdl_lineup_freshness_manifest,2026-05-30T21:12:58Z,model_grid
Jared McCain,1028027372,OKC,SAS,True,21713534,pa,13.5,13.5,"stat_grid:component_convolution_mean_coherent_v1+components[pts:pmf_sim_v1+role_aware_pmf_cal_v1:rotation+monotone_pit_cdf_v1,ast:pmf_sim_v1+role_aware_pmf_cal_v1:rotation+monotone_pit_cdf_v1]+prior_combo[joint_sampler_v1+joint_combo_pmf_v1+role_aware_pmf_cal_v1:rotation+monotone_pit_cdf_v1]+stat_grid_final_component_convolution_mean_coherent_v1",phase8_role_aware_pmf_cal_v1+monotone_inactive_global_v1,phase8_pmf_cal,rotation,derived_from_projected_minutes,21.1877,20.2272,0.05,13.7174,13.7174,13,12,0.0065,0.9935,0.9797,0.9557,0.9277,0.8986,0.8678,0.8345,0.7963,0.7521,0.7037,0.6502,0.5939,0.5337,0.4747,0.4188,0.368,0.3208,0.277,0.2383,0.203,0.4747,111.0,-111.0,morning,2026-05-30T22:47:50Z,6233da92#phase10c,30c4e23e-47a2-4ac0-bf0b-c3c6422ca067,ok,0.0,high,full,current_phase8,fallback_used,projected,derived_from_projected_minutes,bdl_plus_nba_official,2026-05-30T22:46:57Z,projected,not_available_yet,bdl_lineup_freshness_manifest,2026-05-30T21:12:58Z,model_grid
Jared McCain,1028027372,OKC,SAS,True,21713534,pa,14.5,14.5,"stat_grid:component_convolution_mean_coherent_v1+components[pts:pmf_sim_v1+role_aware_pmf_cal_v1:rotation+monotone_pit_cdf_v1,ast:pmf_sim_v1+role_aware_pmf_cal_v1:rotation+monotone_pit_cdf_v1]+prior_combo[joint_sampler_v1+joint_combo_pmf_v1+role_aware_pmf_cal_v1:rotation+monotone_pit_cdf_v1]+stat_grid_final_component_convolution_mean_coherent_v1",phase8_role_aware_pmf_cal_v1+monotone_inactive_global_v1,phase8_pmf_cal,rotation,derived_from_projected_minutes,21.1877,20.2272,0.05,13.7174,13.7174,13,12,0.0065,0.9935,0.9797,0.9557,0.9277,0.8986,0.8678,0.8345,0.7963,0.7521,0.7037,0.6502,0.5939,0.5337,0.4747,0.4188,0.368,0.3208,0.277,0.2383,0.203,0.4188,139.0,-139.0,morning,2026-05-30T22:47:50Z,6233da92#phase10c,30c4e23e-47a2-4ac0-bf0b-c3c6422ca067,ok,0.0,high,full,current_phase8,fallback_used,projected,derived_from_projected_minutes,bdl_plus_nba_official,2026-05-30T22:46:57Z,projected,not_available_yet,bdl_lineup_freshness_manifest,2026-05-30T21:12:58Z,model_grid
Jared McCain,1028027372,OKC,SAS,True,21713534,pa,15.5,15.5,"stat_grid:component_convolution_mean_coherent_v1+components[pts:pmf_sim_v1+role_aware_pmf_cal_v1:rotation+monotone_pit_cdf_v1,ast:pmf_sim_v1+role_aware_pmf_cal_v1:rotation+monotone_pit_cdf_v1]+prior_combo[joint_sampler_v1+joint_combo_pmf_v1+role_aware_pmf_cal_v1:rotation+monotone_pit_cdf_v1]+stat_grid_final_component_convolution_mean_coherent_v1",phase8_role_aware_pmf_cal_v1+monotone_inactive_global_v1,phase8_pmf_cal,rotation,derived_from_projected_minutes,21.1877,20.2272,0.05,13.7174,13.7174,13,12,0.0065,0.9935,0.9797,0.9557,0.9277,0.8986,0.8678,0.8345,0.7963,0.7521,0.7037,0.6502,0.5939,0.5337,0.4747,0.4188,0.368,0.3208,0.277,0.2383,0.203,0.368,172.0,-172.0,morning,2026-05-30T22:47:50Z,6233da92#phase10c,30c4e23e-47a2-4ac0-bf0b-c3c6422ca067,ok,0.0,high,full,current_phase8,fallback_used,projected,derived_from_projected_minutes,bdl_plus_nba_official,2026-05-30T22:46:57Z,projected,not_available_yet,bdl_lineup_freshness_manifest,2026-05-30T21:12:58Z,model_grid
Jared McCain,1028027372,OKC,SAS,True,21713534,pa,16.5,16.5,"stat_grid:component_convolution_mean_coherent_v1+components[pts:pmf_sim_v1+role_aware_pmf_cal_v1:rotation+monotone_pit_cdf_v1,ast:pmf_sim_v1+role_aware_pmf_cal_v1:rotation+monotone_pit_cdf_v1]+prior_combo[joint_sampler_v1+joint_combo_pmf_v1+role_aware_pmf_cal_v1:rotation+monotone_pit_cdf_v1]+stat_grid_final_component_convolution_mean_coherent_v1",phase8_role_aware_pmf_cal_v1+monotone_inactive_global_v1,phase8_pmf_cal,rotation,derived_from_projected_minutes,21.1877,20.2272,0.05,13.7174,13.7174,13,12,0.0065,0.9935,0.9797,0.9557,0.9277,0.8986,0.8678,0.8345,0.7963,0.7521,0.7037,0.6502,0.5939,0.5337,0.4747,0.4188,0.368,0.3208,0.277,0.2383,0.203,0.3208,212.0,-212.0,morning,2026-05-30T22:47:50Z,6233da92#phase10c,30c4e23e-47a2-4ac0-bf0b-c3c6422ca067,ok,0.0,high,full,current_phase8,fallback_used,projected,derived_from_projected_minutes,bdl_plus_nba_official,2026-05-30T22:46:57Z,projected,not_available_yet,bdl_lineup_freshness_manifest,2026-05-30T21:12:58Z,model_grid
Jared McCain,1028027372,OKC,SAS,True,21713534,pa,17.5,17.5,"stat_grid:component_convolution_mean_coherent_v1+components[pts:pmf_sim_v1+role_aware_pmf_cal_v1:rotation+monotone_pit_cdf_v1,ast:pmf_sim_v1+role_aware_pmf_cal_v1:rotation+monotone_pit_cdf_v1]+prior_combo[joint_sampler_v1+joint_combo_pmf_v1+role_aware_pmf_cal_v1:rotation+monotone_pit_cdf_v1]+stat_grid_final_component_convolution_mean_coherent_v1",phase8_role_aware_pmf_cal_v1+monotone_inactive_global_v1,phase8_pmf_cal,rotation,derived_from_projected_minutes,21.1877,20.2272,0.05,13.7174,13.7174,13,12,0.0065,0.9935,0.9797,0.9557,0.9277,0.8986,0.8678,0.8345,0.7963,0.7521,0.7037,0.6502,0.5939,0.5337,0.4747,0.4188,0.368,0.3208,0.277,0.2383,0.203,0.277,261.0,-261.0,morning,2026-05-30T22:47:50Z,6233da92#phase10c,30c4e23e-47a2-4ac0-bf0b-c3c6422ca067,ok,0.0,high,full,current_phase8,fallback_used,projected,derived_from_projected_minutes,bdl_plus_nba_official,2026-05-30T22:46:57Z,projected,not_available_yet,bdl_lineup_freshness_manifest,2026-05-30T21:12:58Z,model_grid
Jared McCain,1028027372,OKC,SAS,True,21713534,pa,18.5,18.5,"stat_grid:component_convolution_mean_coherent_v1+components[pts:pmf_sim_v1+role_aware_pmf_cal_v1:rotation+monotone_pit_cdf_v1,ast:pmf_sim_v1+role_aware_pmf_cal_v1:rotation+monotone_pit_cdf_v1]+prior_combo[joint_sampler_v1+joint_combo_pmf_v1+role_aware_pmf_cal_v1:rotation+monotone_pit_cdf_v1]+stat_grid_final_component_convolution_mean_coherent_v1",phase8_role_aware_pmf_cal_v1+monotone_inactive_global_v1,phase8_pmf_cal,rotation,derived_from_projected_minutes,21.1877,20.2272,0.05,13.7174,13.7174,13,12,0.0065,0.9935,0.9797,0.9557,0.9277,0.8986,0.8678,0.8345,0.7963,0.7521,0.7037,0.6502,0.5939,0.5337,0.4747,0.4188,0.368,0.3208,0.277,0.2383,0.203,0.2383,320.0,-320.0,morning,2026-05-30T22:47:50Z,6233da92#phase10c,30c4e23e-47a2-4ac0-bf0b-c3c6422ca067,ok,0.0,high,full,current_phase8,fallback_used,projected,derived_from_projected_minutes,bdl_plus_nba_official,2026-05-30T22:46:57Z,projected,not_available_yet,bdl_lineup_freshness_manifest,2026-05-30T21:12:58Z,model_grid
Jared McCain,1028027372,OKC,SAS,True,21713534,pa,19.5,19.5,"stat_grid:component_convolution_mean_coherent_v1+components[pts:pmf_sim_v1+role_aware_pmf_cal_v1:rotation+monotone_pit_cdf_v1,ast:pmf_sim_v1+role_aware_pmf_cal_v1:rotation+monotone_pit_cdf_v1]+prior_combo[joint_sampler_v1+joint_combo_pmf_v1+role_aware_pmf_cal_v1:rotation+monotone_pit_cdf_v1]+stat_grid_final_component_convolution_mean_coherent_v1",phase8_role_aware_pmf_cal_v1+monotone_inactive_global_v1,phase8_pmf_cal,rotation,derived_from_projected_minutes,21.1877,20.2272,0.05,13.7174,13.7174,13,12,0.0065,0.9935,0.9797,0.9557,0.9277,0.8986,0.8678,0.8345,0.7963,0.7521,0.7037,0.6502,0.5939,0.5337,0.4747,0.4188,0.368,0.3208,0.277,0.2383,0.203,0.203,393.0,-393.0,morning,2026-05-30T22:47:50Z,6233da92#phase10c,30c4e23e-47a2-4ac0-bf0b-c3c6422ca067,ok,0.0,high,full,current_phase8,fallback_used,projected,derived_from_projected_minutes,bdl_plus_nba_official,2026-05-30T22:46:57Z,projected,not_available_yet,bdl_lineup_freshness_manifest,2026-05-30T21:12:58Z,model_grid
Jared McCain,1028027372,OKC,SAS,True,21713534,pr,0.5,0.5,"stat_grid:component_convolution_mean_coherent_v1+components[pts:pmf_sim_v1+role_aware_pmf_cal_v1:rotation+monotone_pit_cdf_v1,reb:pmf_sim_v1+role_aware_pmf_cal_v1:rotation+monotone_pit_cdf_v1]+prior_combo[joint_sampler_v1+joint_combo_pmf_v1+role_aware_pmf_cal_v1:rotation+monotone_pit_cdf_v1]+stat_grid_final_component_convolution_mean_coherent_v1",phase8_role_aware_pmf_cal_v1+monotone_inactive_global_v1,phase8_pmf_cal,rotation,derived_from_projected_minutes,21.1877,20.2272,0.05,14.7159,14.7159,14,13,0.0014,0.9986,0.9925,0.9784,0.9558,0.9279,0.8982,0.8673,0.8337,0.7954,0.7518,0.703,0.65,0.5933,0.5342,0.4752,0.4194,0.3682,0.3211,0.2778,0.2385,0.9986,-69324.0,69324.0,morning,2026-05-30T22:47:50Z,6233da92#phase10c,30c4e23e-47a2-4ac0-bf0b-c3c6422ca067,ok,0.0,high,full,current_phase8,fallback_used,projected,derived_from_projected_minutes,bdl_plus_nba_official,2026-05-30T22:46:57Z,projected,not_available_yet,bdl_lineup_freshness_manifest,2026-05-30T21:12:58Z,model_grid
Jared McCain,1028027372,OKC,SAS,True,21713534,pr,1.5,1.5,"stat_grid:component_convolution_mean_coherent_v1+components[pts:pmf_sim_v1+role_aware_pmf_cal_v1:rotation+monotone_pit_cdf_v1,reb:pmf_sim_v1+role_aware_pmf_cal_v1:rotation+monotone_pit_cdf_v1]+prior_combo[joint_sampler_v1+joint_combo_pmf_v1+role_aware_pmf_cal_v1:rotation+monotone_pit_cdf_v1]+stat_grid_final_component_convolution_mean_coherent_v1",phase8_role_aware_pmf_cal_v1+monotone_inactive_global_v1,phase8_pmf_cal,rotation,derived_from_projected_minutes,21.1877,20.2272,0.05,14.7159,14.7159,14,13,0.0014,0.9986,0.9925,0.9784,0.9558,0.9279,0.8982,0.8673,0.8337,0.7954,0.7518,0.703,0.65,0.5933,0.5342,0.4752,0.4194,0.3682,0.3211,0.2778,0.2385,0.9925,-13231.0,13231.0,morning,2026-05-30T22:47:50Z,6233da92#phase10c,30c4e23e-47a2-4ac0-bf0b-c3c6422ca067,ok,0.0,high,full,current_phase8,fallback_used,projected,derived_from_projected_minutes,bdl_plus_nba_official,2026-05-30T22:46:57Z,projected,not_available_yet,bdl_lineup_freshness_manifest,2026-05-30T21:12:58Z,model_grid
Jared McCain,1028027372,OKC,SAS,True,21713534,pr,2.5,2.5,"stat_grid:component_convolution_mean_coherent_v1+components[pts:pmf_sim_v1+role_aware_pmf_cal_v1:rotation+monotone_pit_cdf_v1,reb:pmf_sim_v1+role_aware_pmf_cal_v1:rotation+monotone_pit_cdf_v1]+prior_combo[joint_sampler_v1+joint_combo_pmf_v1+role_aware_pmf_cal_v1:rotation+monotone_pit_cdf_v1]+stat_grid_final_component_convolution_mean_coherent_v1",phase8_role_aware_pmf_cal_v1+monotone_inactive_global_v1,phase8_pmf_cal,rotation,derived_from_projected_minutes,21.1877,20.2272,0.05,14.7159,14.7159,14,13,0.0014,0.9986,0.9925,0.9784,0.9558,0.9279,0.8982,0.8673,0.8337,0.7954,0.7518,0.703,0.65,0.5933,0.5342,0.4752,0.4194,0.3682,0.3211,0.2778,0.2385,0.9784,-4533.0,4533.0,morning,2026-05-30T22:47:50Z,6233da92#phase10c,30c4e23e-47a2-4ac0-bf0b-c3c6422ca067,ok,0.0,high,full,current_phase8,fallback_used,projected,derived_from_projected_minutes,bdl_plus_nba_official,2026-05-30T22:46:57Z,projected,not_available_yet,bdl_lineup_freshness_manifest,2026-05-30T21:12:58Z,model_grid
Jared McCain,1028027372,OKC,SAS,True,21713534,pr,3.5,3.5,"stat_grid:component_convolution_mean_coherent_v1+components[pts:pmf_sim_v1+role_aware_pmf_cal_v1:rotation+monotone_pit_cdf_v1,reb:pmf_sim_v1+role_aware_pmf_cal_v1:rotation+monotone_pit_cdf_v1]+prior_combo[joint_sampler_v1+joint_combo_pmf_v1+role_aware_pmf_cal_v1:rotation+monotone_pit_cdf_v1]+stat_grid_final_component_convolution_mean_coherent_v1",phase8_role_aware_pmf_cal_v1+monotone_inactive_global_v1,phase8_pmf_cal,rotation,derived_from_projected_minutes,21.1877,20.2272,0.05,14.7159,14.7159,14,13,0.0014,0.9986,0.9925,0.9784,0.9558,0.9279,0.8982,0.8673,0.8337,0.7954,0.7518,0.703,0.65,0.5933,0.5342,0.4752,0.4194,0.3682,0.3211,0.2778,0.2385,0.9558,-2162.0,2162.0,morning,2026-05-30T22:47:50Z,6233da92#phase10c,30c4e23e-47a2-4ac0-bf0b-c3c6422ca067,ok,0.0,high,full,current_phase8,fallback_used,projected,derived_from_projected_minutes,bdl_plus_nba_official,2026-05-30T22:46:57Z,projected,not_available_yet,bdl_lineup_freshness_manifest,2026-05-30T21:12:58Z,model_grid
Jared McCain,1028027372,OKC,SAS,True,21713534,pr,4.5,4.5,"stat_grid:component_convolution_mean_coherent_v1+components[pts:pmf_sim_v1+role_aware_pmf_cal_v1:rotation+monotone_pit_cdf_v1,reb:pmf_sim_v1+role_aware_pmf_cal_v1:rotation+monotone_pit_cdf_v1]+prior_combo[joint_sampler_v1+joint_combo_pmf_v1+role_aware_pmf_cal_v1:rotation+monotone_pit_cdf_v1]+stat_grid_final_component_convolution_mean_coherent_v1",phase8_role_aware_pmf_cal_v1+monotone_inactive_global_v1,phase8_pmf_cal,rotation,derived_from_projected_minutes,21.1877,20.2272,0.05,14.7159,14.7159,14,13,0.0014,0.9986,0.9925,0.9784,0.9558,0.9279,0.8982,0.8673,0.8337,0.7954,0.7518,0.703,0.65,0.5933,0.5342,0.4752,0.4194,0.3682,0.3211,0.2778,0.2385,0.9279,-1287.0,1287.0,morning,2026-05-30T22:47:50Z,6233da92#phase10c,30c4e23e-47a2-4ac0-bf0b-c3c6422ca067,ok,0.0,high,full,current_phase8,fallback_used,projected,derived_from_projected_minutes,bdl_plus_nba_official,2026-05-30T22:46:57Z,projected,not_available_yet,bdl_lineup_freshness_manifest,2026-05-30T21:12:58Z,model_grid
Jared McCain,1028027372,OKC,SAS,True,21713534,pr,5.5,5.5,"stat_grid:component_convolution_mean_coherent_v1+components[pts:pmf_sim_v1+role_aware_pmf_cal_v1:rotation+monotone_pit_cdf_v1,reb:pmf_sim_v1+role_aware_pmf_cal_v1:rotation+monotone_pit_cdf_v1]+prior_combo[joint_sampler_v1+joint_combo_pmf_v1+role_aware_pmf_cal_v1:rotation+monotone_pit_cdf_v1]+stat_grid_final_component_convolution_mean_coherent_v1",phase8_role_aware_pmf_cal_v1+monotone_inactive_global_v1,phase8_pmf_cal,rotation,derived_from_projected_minutes,21.1877,20.2272,0.05,14.7159,14.7159,14,13,0.0014,0.9986,0.9925,0.9784,0.9558,0.9279,0.8982,0.8673,0.8337,0.7954,0.7518,0.703,0.65,0.5933,0.5342,0.4752,0.4194,0.3682,0.3211,0.2778,0.2385,0.8982,-882.0,882.0,morning,2026-05-30T22:47:50Z,6233da92#phase10c,30c4e23e-47a2-4ac0-bf0b-c3c6422ca067,ok,0.0,high,full,current_phase8,fallback_used,projected,derived_from_projected_minutes,bdl_plus_nba_official,2026-05-30T22:46:57Z,projected,not_available_yet,bdl_lineup_freshness_manifest,2026-05-30T21:12:58Z,model_grid
Jared McCain,1028027372,OKC,SAS,True,21713534,pr,6.5,6.5,"stat_grid:component_convolution_mean_coherent_v1+components[pts:pmf_sim_v1+role_aware_pmf_cal_v1:rotation+monotone_pit_cdf_v1,reb:pmf_sim_v1+role_aware_pmf_cal_v1:rotation+monotone_pit_cdf_v1]+prior_combo[joint_sampler_v1+joint_combo_pmf_v1+role_aware_pmf_cal_v1:rotation+monotone_pit_cdf_v1]+stat_grid_final_component_convolution_mean_coherent_v1",phase8_role_aware_pmf_cal_v1+monotone_inactive_global_v1,phase8_pmf_cal,rotation,derived_from_projected_minutes,21.1877,20.2272,0.05,14.7159,14.7159,14,13,0.0014,0.9986,0.9925,0.9784,0.9558,0.9279,0.8982,0.8673,0.8337,0.7954,0.7518,0.703,0.65,0.5933,0.5342,0.4752,0.4194,0.3682,0.3211,0.2778,0.2385,0.8673,-654.0,654.0,morning,2026-05-30T22:47:50Z,6233da92#phase10c,30c4e23e-47a2-4ac0-bf0b-c3c6422ca067,ok,0.0,high,full,current_phase8,fallback_used,projected,derived_from_projected_minutes,bdl_plus_nba_official,2026-05-30T22:46:57Z,projected,not_available_yet,bdl_lineup_freshness_manifest,2026-05-30T21:12:58Z,model_grid
Jared McCain,1028027372,OKC,SAS,True,21713534,pr,7.5,7.5,"stat_grid:component_convolution_mean_coherent_v1+components[pts:pmf_sim_v1+role_aware_pmf_cal_v1:rotation+monotone_pit_cdf_v1,reb:pmf_sim_v1+role_aware_pmf_cal_v1:rotation+monotone_pit_cdf_v1]+prior_combo[joint_sampler_v1+joint_combo_pmf_v1+role_aware_pmf_cal_v1:rotation+monotone_pit_cdf_v1]+stat_grid_final_component_convolution_mean_coherent_v1",phase8_role_aware_pmf_cal_v1+monotone_inactive_global_v1,phase8_pmf_cal,rotation,derived_from_projected_minutes,21.1877,20.2272,0.05,14.7159,14.7159,14,13,0.0014,0.9986,0.9925,0.9784,0.9558,0.9279,0.8982,0.8673,0.8337,0.7954,0.7518,0.703,0.65,0.5933,0.5342,0.4752,0.4194,0.3682,0.3211,0.2778,0.2385,0.8337,-501.0,501.0,morning,2026-05-30T22:47:50Z,6233da92#phase10c,30c4e23e-47a2-4ac0-bf0b-c3c6422ca067,ok,0.0,high,full,current_phase8,fallback_used,projected,derived_from_projected_minutes,bdl_plus_nba_official,2026-05-30T22:46:57Z,projected,not_available_yet,bdl_lineup_freshness_manifest,2026-05-30T21:12:58Z,model_grid
Jared McCain,1028027372,OKC,SAS,True,21713534,pr,8.5,8.5,"stat_grid:component_convolution_mean_coherent_v1+components[pts:pmf_sim_v1+role_aware_pmf_cal_v1:rotation+monotone_pit_cdf_v1,reb:pmf_sim_v1+role_aware_pmf_cal_v1:rotation+monotone_pit_cdf_v1]+prior_combo[joint_sampler_v1+joint_combo_pmf_v1+role_aware_pmf_cal_v1:rotation+monotone_pit_cdf_v1]+stat_grid_final_component_convolution_mean_coherent_v1",phase8_role_aware_pmf_cal_v1+monotone_inactive_global_v1,phase8_pmf_cal,rotation,derived_from_projected_minutes,21.1877,20.2272,0.05,14.7159,14.7159,14,13,0.0014,0.9986,0.9925,0.9784,0.9558,0.9279,0.8982,0.8673,0.8337,0.7954,0.7518,0.703,0.65,0.5933,0.5342,0.4752,0.4194,0.3682,0.3211,0.2778,0.2385,0.7954,-389.0,389.0,morning,2026-05-30T22:47:50Z,6233da92#phase10c,30c4e23e-47a2-4ac0-bf0b-c3c6422ca067,ok,0.0,high,full,current_phase8,fallback_used,projected,derived_from_projected_minutes,bdl_plus_nba_official,2026-05-30T22:46:57Z,projected,not_available_yet,bdl_lineup_freshness_manifest,2026-05-30T21:12:58Z,model_grid
Jared McCain,1028027372,OKC,SAS,True,21713534,pr,9.5,9.5,"stat_grid:component_convolution_mean_coherent_v1+components[pts:pmf_sim_v1+role_aware_pmf_cal_v1:rotation+monotone_pit_cdf_v1,reb:pmf_sim_v1+role_aware_pmf_cal_v1:rotation+monotone_pit_cdf_v1]+prior_combo[joint_sampler_v1+joint_combo_pmf_v1+role_aware_pmf_cal_v1:rotation+monotone_pit_cdf_v1]+stat_grid_final_component_convolution_mean_coherent_v1",phase8_role_aware_pmf_cal_v1+monotone_inactive_global_v1,phase8_pmf_cal,rotation,derived_from_projected_minutes,21.1877,20.2272,0.05,14.7159,14.7159,14,13,0.0014,0.9986,0.9925,0.9784,0.9558,0.9279,0.8982,0.8673,0.8337,0.7954,0.7518,0.703,0.65,0.5933,0.5342,0.4752,0.4194,0.3682,0.3211,0.2778,0.2385,0.7518,-303.0,303.0,morning,2026-05-30T22:47:50Z,6233da92#phase10c,30c4e23e-47a2-4ac0-bf0b-c3c6422ca067,ok,0.0,high,full,current_phase8,fallback_used,projected,derived_from_projected_minutes,bdl_plus_nba_official,2026-05-30T22:46:57Z,projected,not_available_yet,bdl_lineup_freshness_manifest,2026-05-30T21:12:58Z,model_grid
Jared McCain,1028027372,OKC,SAS,True,21713534,pr,10.5,10.5,"stat_grid:component_convolution_mean_coherent_v1+components[pts:pmf_sim_v1+role_aware_pmf_cal_v1:rotation+monotone_pit_cdf_v1,reb:pmf_sim_v1+role_aware_pmf_cal_v1:rotation+monotone_pit_cdf_v1]+prior_combo[joint_sampler_v1+joint_combo_pmf_v1+role_aware_pmf_cal_v1:rotation+monotone_pit_cdf_v1]+stat_grid_final_component_convolution_mean_coherent_v1",phase8_role_aware_pmf_cal_v1+monotone_inactive_global_v1,phase8_pmf_cal,rotation,derived_from_projected_minutes,21.1877,20.2272,0.05,14.7159,14.7159,14,13,0.0014,0.9986,0.9925,0.9784,0.9558,0.9279,0.8982,0.8673,0.8337,0.7954,0.7518,0.703,0.65,0.5933,0.5342,0.4752,0.4194,0.3682,0.3211,0.2778,0.2385,0.703,-237.0,237.0,morning,2026-05-30T22:47:50Z,6233da92#phase10c,30c4e23e-47a2-4ac0-bf0b-c3c6422ca067,ok,0.0,high,full,current_phase8,fallback_used,projected,derived_from_projected_minutes,bdl_plus_nba_official,2026-05-30T22:46:57Z,projected,not_available_yet,bdl_lineup_freshness_manifest,2026-05-30T21:12:58Z,model_grid
Jared McCain,1028027372,OKC,SAS,True,21713534,pr,11.5,11.5,"stat_grid:component_convolution_mean_coherent_v1+components[pts:pmf_sim_v1+role_aware_pmf_cal_v1:rotation+monotone_pit_cdf_v1,reb:pmf_sim_v1+role_aware_pmf_cal_v1:rotation+monotone_pit_cdf_v1]+prior_combo[joint_sampler_v1+joint_combo_pmf_v1+role_aware_pmf_cal_v1:rotation+monotone_pit_cdf_v1]+stat_grid_final_component_convolution_mean_coherent_v1",phase8_role_aware_pmf_cal_v1+monotone_inactive_global_v1,phase8_pmf_cal,rotation,derived_from_projected_minutes,21.1877,20.2272,0.05,14.7159,14.7159,14,13,0.0014,0.9986,0.9925,0.9784,0.9558,0.9279,0.8982,0.8673,0.8337,0.7954,0.7518,0.703,0.65,0.5933,0.5342,0.4752,0.4194,0.3682,0.3211,0.2778,0.2385,0.65,-186.0,186.0,morning,2026-05-30T22:47:50Z,6233da92#phase10c,30c4e23e-47a2-4ac0-bf0b-c3c6422ca067,ok,0.0,high,full,current_phase8,fallback_used,projected,derived_from_projected_minutes,bdl_plus_nba_official,2026-05-30T22:46:57Z,projected,not_available_yet,bdl_lineup_freshness_manifest,2026-05-30T21:12:58Z,model_grid
Jared McCain,1028027372,OKC,SAS,True,21713534,pr,12.5,12.5,"stat_grid:component_convolution_mean_coherent_v1+components[pts:pmf_sim_v1+role_aware_pmf_cal_v1:rotation+monotone_pit_cdf_v1,reb:pmf_sim_v1+role_aware_pmf_cal_v1:rotation+monotone_pit_cdf_v1]+prior_combo[joint_sampler_v1+joint_combo_pmf_v1+role_aware_pmf_cal_v1:rotation+monotone_pit_cdf_v1]+stat_grid_final_component_convolution_mean_coherent_v1",phase8_role_aware_pmf_cal_v1+monotone_inactive_global_v1,phase8_pmf_cal,rotation,derived_from_projected_minutes,21.1877,20.2272,0.05,14.7159,14.7159,14,13,0.0014,0.9986,0.9925,0.9784,0.9558,0.9279,0.8982,0.8673,0.8337,0.7954,0.7518,0.703,0.65,0.5933,0.5342,0.4752,0.4194,0.3682,0.3211,0.2778,0.2385,0.5933,-146.0,146.0,morning,2026-05-30T22:47:50Z,6233da92#phase10c,30c4e23e-47a2-4ac0-bf0b-c3c6422ca067,ok,0.0,high,full,current_phase8,fallback_used,projected,derived_from_projected_minutes,bdl_plus_nba_official,2026-05-30T22:46:57Z,projected,not_available_yet,bdl_lineup_freshness_manifest,2026-05-30T21:12:58Z,model_grid
Jared McCain,1028027372,OKC,SAS,True,21713534,pr,13.5,13.5,"stat_grid:component_convolution_mean_coherent_v1+components[pts:pmf_sim_v1+role_aware_pmf_cal_v1:rotation+monotone_pit_cdf_v1,reb:pmf_sim_v1+role_aware_pmf_cal_v1:rotation+monotone_pit_cdf_v1]+prior_combo[joint_sampler_v1+joint_combo_pmf_v1+role_aware_pmf_cal_v1:rotation+monotone_pit_cdf_v1]+stat_grid_final_component_convolution_mean_coherent_v1",phase8_role_aware_pmf_cal_v1+monotone_inactive_global_v1,phase8_pmf_cal,rotation,derived_from_projected_minutes,21.1877,20.2272,0.05,14.7159,14.7159,14,13,0.0014,0.9986,0.9925,0.9784,0.9558,0.9279,0.8982,0.8673,0.8337,0.7954,0.7518,0.703,0.65,0.5933,0.5342,0.4752,0.4194,0.3682,0.3211,0.2778,0.2385,0.5342,-115.0,115.0,morning,2026-05-30T22:47:50Z,6233da92#phase10c,30c4e23e-47a2-4ac0-bf0b-c3c6422ca067,ok,0.0,high,full,current_phase8,fallback_used,projected,derived_from_projected_minutes,bdl_plus_nba_official,2026-05-30T22:46:57Z,projected,not_available_yet,bdl_lineup_freshness_manifest,2026-05-30T21:12:58Z,model_grid
Jared McCain,1028027372,OKC,SAS,True,21713534,pr,14.5,14.5,"stat_grid:component_convolution_mean_coherent_v1+components[pts:pmf_sim_v1+role_aware_pmf_cal_v1:rotation+monotone_pit_cdf_v1,reb:pmf_sim_v1+role_aware_pmf_cal_v1:rotation+monotone_pit_cdf_v1]+prior_combo[joint_sampler_v1+joint_combo_pmf_v1+role_aware_pmf_cal_v1:rotation+monotone_pit_cdf_v1]+stat_grid_final_component_convolution_mean_coherent_v1",phase8_role_aware_pmf_cal_v1+monotone_inactive_global_v1,phase8_pmf_cal,rotation,derived_from_projected_minutes,21.1877,20.2272,0.05,14.7159,14.7159,14,13,0.0014,0.9986,0.9925,0.9784,0.9558,0.9279,0.8982,0.8673,0.8337,0.7954,0.7518,0.703,0.65,0.5933,0.5342,0.4752,0.4194,0.3682,0.3211,0.2778,0.2385,0.4752,110.0,-110.0,morning,2026-05-30T22:47:50Z,6233da92#phase10c,30c4e23e-47a2-4ac0-bf0b-c3c6422ca067,ok,0.0,high,full,current_phase8,fallback_used,projected,derived_from_projected_minutes,bdl_plus_nba_official,2026-05-30T22:46:57Z,projected,not_available_yet,bdl_lineup_freshness_manifest,2026-05-30T21:12:58Z,model_grid
Jared McCain,1028027372,OKC,SAS,True,21713534,pr,15.5,15.5,"stat_grid:component_convolution_mean_coherent_v1+components[pts:pmf_sim_v1+role_aware_pmf_cal_v1:rotation+monotone_pit_cdf_v1,reb:pmf_sim_v1+role_aware_pmf_cal_v1:rotation+monotone_pit_cdf_v1]+prior_combo[joint_sampler_v1+joint_combo_pmf_v1+role_aware_pmf_cal_v1:rotation+monotone_pit_cdf_v1]+stat_grid_final_component_convolution_mean_coherent_v1",phase8_role_aware_pmf_cal_v1+monotone_inactive_global_v1,phase8_pmf_cal,rotation,derived_from_projected_minutes,21.1877,20.2272,0.05,14.7159,14.7159,14,13,0.0014,0.9986,0.9925,0.9784,0.9558,0.9279,0.8982,0.8673,0.8337,0.7954,0.7518,0.703,0.65,0.5933,0.5342,0.4752,0.4194,0.3682,0.3211,0.2778,0.2385,0.4194,138.0,-138.0,morning,2026-05-30T22:47:50Z,6233da92#phase10c,30c4e23e-47a2-4ac0-bf0b-c3c6422ca067,ok,0.0,high,full,current_phase8,fallback_used,projected,derived_from_projected_minutes,bdl_plus_nba_official,2026-05-30T22:46:57Z,projected,not_available_yet,bdl_lineup_freshness_manifest,2026-05-30T21:12:58Z,model_grid
Jared McCain,1028027372,OKC,SAS,True,21713534,pr,16.5,16.5,"stat_grid:component_convolution_mean_coherent_v1+components[pts:pmf_sim_v1+role_aware_pmf_cal_v1:rotation+monotone_pit_cdf_v1,reb:pmf_sim_v1+role_aware_pmf_cal_v1:rotation+monotone_pit_cdf_v1]+prior_combo[joint_sampler_v1+joint_combo_pmf_v1+role_aware_pmf_cal_v1:rotation+monotone_pit_cdf_v1]+stat_grid_final_component_convolution_mean_coherent_v1",phase8_role_aware_pmf_cal_v1+monotone_inactive_global_v1,phase8_pmf_cal,rotation,derived_from_projected_minutes,21.1877,20.2272,0.05,14.7159,14.7159,14,13,0.0014,0.9986,0.9925,0.9784,0.9558,0.9279,0.8982,0.8673,0.8337,0.7954,0.7518,0.703,0.65,0.5933,0.5342,0.4752,0.4194,0.3682,0.3211,0.2778,0.2385,0.3682,172.0,-172.0,morning,2026-05-30T22:47:50Z,6233da92#phase10c,30c4e23e-47a2-4ac0-bf0b-c3c6422ca067,ok,0.0,high,full,current_phase8,fallback_used,projected,derived_from_projected_minutes,bdl_plus_nba_official,2026-05-30T22:46:57Z,projected,not_available_yet,bdl_lineup_freshness_manifest,2026-05-30T21:12:58Z,model_grid
Jared McCain,1028027372,OKC,SAS,True,21713534,pr,17.5,17.5,"stat_grid:component_convolution_mean_coherent_v1+components[pts:pmf_sim_v1+role_aware_pmf_cal_v1:rotation+monotone_pit_cdf_v1,reb:pmf_sim_v1+role_aware_pmf_cal_v1:rotation+monotone_pit_cdf_v1]+prior_combo[joint_sampler_v1+joint_combo_pmf_v1+role_aware_pmf_cal_v1:rotation+monotone_pit_cdf_v1]+stat_grid_final_component_convolution_mean_coherent_v1",phase8_role_aware_pmf_cal_v1+monotone_inactive_global_v1,phase8_pmf_cal,rotation,derived_from_projected_minutes,21.1877,20.2272,0.05,14.7159,14.7159,14,13,0.0014,0.9986,0.9925,0.9784,0.9558,0.9279,0.8982,0.8673,0.8337,0.7954,0.7518,0.703,0.65,0.5933,0.5342,0.4752,0.4194,0.3682,0.3211,0.2778,0.2385,0.3211,211.0,-211.0,morning,2026-05-30T22:47:50Z,6233da92#phase10c,30c4e23e-47a2-4ac0-bf0b-c3c6422ca067,ok,0.0,high,full,current_phase8,fallback_used,projected,derived_from_projected_minutes,bdl_plus_nba_official,2026-05-30T22:46:57Z,projected,not_available_yet,bdl_lineup_freshness_manifest,2026-05-30T21:12:58Z,model_grid
Jared McCain,1028027372,OKC,SAS,True,21713534,pr,18.5,18.5,"stat_grid:component_convolution_mean_coherent_v1+components[pts:pmf_sim_v1+role_aware_pmf_cal_v1:rotation+monotone_pit_cdf_v1,reb:pmf_sim_v1+role_aware_pmf_cal_v1:rotation+monotone_pit_cdf_v1]+prior_combo[joint_sampler_v1+joint_combo_pmf_v1+role_aware_pmf_cal_v1:rotation+monotone_pit_cdf_v1]+stat_grid_final_component_convolution_mean_coherent_v1",phase8_role_aware_pmf_cal_v1+monotone_inactive_global_v1,phase8_pmf_cal,rotation,derived_from_projected_minutes,21.1877,20.2272,0.05,14.7159,14.7159,14,13,0.0014,0.9986,0.9925,0.9784,0.9558,0.9279,0.8982,0.8673,0.8337,0.7954,0.7518,0.703,0.65,0.5933,0.5342,0.4752,0.4194,0.3682,0.3211,0.2778,0.2385,0.2778,260.0,-260.0,morning,2026-05-30T22:47:50Z,6233da92#phase10c,30c4e23e-47a2-4ac0-bf0b-c3c6422ca067,ok,0.0,high,full,current_phase8,fallback_used,projected,derived_from_projected_minutes,bdl_plus_nba_official,2026-05-30T22:46:57Z,projected,not_available_yet,bdl_lineup_freshness_manifest,2026-05-30T21:12:58Z,model_grid
Jared McCain,1028027372,OKC,SAS,True,21713534,pr,19.5,19.5,"stat_grid:component_convolution_mean_coherent_v1+components[pts:pmf_sim_v1+role_aware_pmf_cal_v1:rotation+monotone_pit_cdf_v1,reb:pmf_sim_v1+role_aware_pmf_cal_v1:rotation+monotone_pit_cdf_v1]+prior_combo[joint_sampler_v1+joint_combo_pmf_v1+role_aware_pmf_cal_v1:rotation+monotone_pit_cdf_v1]+stat_grid_final_component_convolution_mean_coherent_v1",phase8_role_aware_pmf_cal_v1+monotone_inactive_global_v1,phase8_pmf_cal,rotation,derived_from_projected_minutes,21.1877,20.2272,0.05,14.7159,14.7159,14,13,0.0014,0.9986,0.9925,0.9784,0.9558,0.9279,0.8982,0.8673,0.8337,0.7954,0.7518,0.703,0.65,0.5933,0.5342,0.4752,0.4194,0.3682,0.3211,0.2778,0.2385,0.2385,319.0,-319.0,morning,2026-05-30T22:47:50Z,6233da92#phase10c,30c4e23e-47a2-4ac0-bf0b-c3c6422ca067,ok,0.0,high,full,current_phase8,fallback_used,projected,derived_from_projected_minutes,bdl_plus_nba_official,2026-05-30T22:46:57Z,projected,not_available_yet,bdl_lineup_freshness_manifest,2026-05-30T21:12:58Z,model_grid
Jared McCain,1028027372,OKC,SAS,True,21713534,ra,0.5,0.5,"stat_grid:component_convolution_mean_coherent_v1+components[reb:pmf_sim_v1+role_aware_pmf_cal_v1:rotation+monotone_pit_cdf_v1,ast:pmf_sim_v1+role_aware_pmf_cal_v1:rotation+monotone_pit_cdf_v1]+prior_combo[joint_sampler_v1+joint_combo_pmf_v1+role_aware_pmf_cal_v1:rotation+monotone_pit_cdf_v1]+stat_grid_final_component_convolution_mean_coherent_v1",phase8_role_aware_pmf_cal_v1+monotone_inactive_global_v1,phase8_pmf_cal,rotation,derived_from_projected_minutes,21.1877,20.2272,0.05,4.6392,4.6392,5,4,0.008,0.992,0.9571,0.8674,0.7114,0.5115,0.3155,0.166,0.0748,0.0293,0.0099,0.003,0.0009,0.0003,0.0001,0.0,0.0,0.0,0.0,0.0,0.0,0.992,-12419.0,12419.0,morning,2026-05-30T22:47:50Z,6233da92#phase10c,30c4e23e-47a2-4ac0-bf0b-c3c6422ca067,ok,0.0,high,full,current_phase8,fallback_used,projected,derived_from_projected_minutes,bdl_plus_nba_official,2026-05-30T22:46:57Z,projected,not_available_yet,bdl_lineup_freshness_manifest,2026-05-30T21:12:58Z,model_grid
Jared McCain,1028027372,OKC,SAS,True,21713534,ra,1.5,1.5,"stat_grid:component_convolution_mean_coherent_v1+components[reb:pmf_sim_v1+role_aware_pmf_cal_v1:rotation+monotone_pit_cdf_v1,ast:pmf_sim_v1+role_aware_pmf_cal_v1:rotation+monotone_pit_cdf_v1]+prior_combo[joint_sampler_v1+joint_combo_pmf_v1+role_aware_pmf_cal_v1:rotation+monotone_pit_cdf_v1]+stat_grid_final_component_convolution_mean_coherent_v1",phase8_role_aware_pmf_cal_v1+monotone_inactive_global_v1,phase8_pmf_cal,rotation,derived_from_projected_minutes,21.1877,20.2272,0.05,4.6392,4.6392,5,4,0.008,0.992,0.9571,0.8674,0.7114,0.5115,0.3155,0.166,0.0748,0.0293,0.0099,0.003,0.0009,0.0003,0.0001,0.0,0.0,0.0,0.0,0.0,0.0,0.9571,-2229.0,2229.0,morning,2026-05-30T22:47:50Z,6233da92#phase10c,30c4e23e-47a2-4ac0-bf0b-c3c6422ca067,ok,0.0,high,full,current_phase8,fallback_used,projected,derived_from_projected_minutes,bdl_plus_nba_official,2026-05-30T22:46:57Z,projected,not_available_yet,bdl_lineup_freshness_manifest,2026-05-30T21:12:58Z,model_grid
Jared McCain,1028027372,OKC,SAS,True,21713534,ra,2.5,2.5,"stat_grid:component_convolution_mean_coherent_v1+components[reb:pmf_sim_v1+role_aware_pmf_cal_v1:rotation+monotone_pit_cdf_v1,ast:pmf_sim_v1+role_aware_pmf_cal_v1:rotation+monotone_pit_cdf_v1]+prior_combo[joint_sampler_v1+joint_combo_pmf_v1+role_aware_pmf_cal_v1:rotation+monotone_pit_cdf_v1]+stat_grid_final_component_convolution_mean_coherent_v1",phase8_role_aware_pmf_cal_v1+monotone_inactive_global_v1,phase8_pmf_cal,rotation,derived_from_projected_minutes,21.1877,20.2272,0.05,4.6392,4.6392,5,4,0.008,0.992,0.9571,0.8674,0.7114,0.5115,0.3155,0.166,0.0748,0.0293,0.0099,0.003,0.0009,0.0003,0.0001,0.0,0.0,0.0,0.0,0.0,0.0,0.8674,-654.0,654.0,morning,2026-05-30T22:47:50Z,6233da92#phase10c,30c4e23e-47a2-4ac0-bf0b-c3c6422ca067,ok,0.0,high,full,current_phase8,fallback_used,projected,derived_from_projected_minutes,bdl_plus_nba_official,2026-05-30T22:46:57Z,projected,not_available_yet,bdl_lineup_freshness_manifest,2026-05-30T21:12:58Z,model_grid
Jared McCain,1028027372,OKC,SAS,True,21713534,ra,3.5,3.5,"stat_grid:component_convolution_mean_coherent_v1+components[reb:pmf_sim_v1+role_aware_pmf_cal_v1:rotation+monotone_pit_cdf_v1,ast:pmf_sim_v1+role_aware_pmf_cal_v1:rotation+monotone_pit_cdf_v1]+prior_combo[joint_sampler_v1+joint_combo_pmf_v1+role_aware_pmf_cal_v1:rotation+monotone_pit_cdf_v1]+stat_grid_final_component_convolution_mean_coherent_v1",phase8_role_aware_pmf_cal_v1+monotone_inactive_global_v1,phase8_pmf_cal,rotation,derived_from_projected_minutes,21.1877,20.2272,0.05,4.6392,4.6392,5,4,0.008,0.992,0.9571,0.8674,0.7114,0.5115,0.3155,0.166,0.0748,0.0293,0.0099,0.003,0.0009,0.0003,0.0001,0.0,0.0,0.0,0.0,0.0,0.0,0.7114,-246.0,246.0,morning,2026-05-30T22:47:50Z,6233da92#phase10c,30c4e23e-47a2-4ac0-bf0b-c3c6422ca067,ok,0.0,high,full,current_phase8,fallback_used,projected,derived_from_projected_minutes,bdl_plus_nba_official,2026-05-30T22:46:57Z,projected,not_available_yet,bdl_lineup_freshness_manifest,2026-05-30T21:12:58Z,model_grid
Jared McCain,1028027372,OKC,SAS,True,21713534,ra,4.5,4.5,"stat_grid:component_convolution_mean_coherent_v1+components[reb:pmf_sim_v1+role_aware_pmf_cal_v1:rotation+monotone_pit_cdf_v1,ast:pmf_sim_v1+role_aware_pmf_cal_v1:rotation+monotone_pit_cdf_v1]+prior_combo[joint_sampler_v1+joint_combo_pmf_v1+role_aware_pmf_cal_v1:rotation+monotone_pit_cdf_v1]+stat_grid_final_component_convolution_mean_coherent_v1",phase8_role_aware_pmf_cal_v1+monotone_inactive_global_v1,phase8_pmf_cal,rotation,derived_from_projected_minutes,21.1877,20.2272,0.05,4.6392,4.6392,5,4,0.008,0.992,0.9571,0.8674,0.7114,0.5115,0.3155,0.166,0.0748,0.0293,0.0099,0.003,0.0009,0.0003,0.0001,0.0,0.0,0.0,0.0,0.0,0.0,0.5115,-105.0,105.0,morning,2026-05-30T22:47:50Z,6233da92#phase10c,30c4e23e-47a2-4ac0-bf0b-c3c6422ca067,ok,0.0,high,full,current_phase8,fallback_used,projected,derived_from_projected_minutes,bdl_plus_nba_official,2026-05-30T22:46:57Z,projected,not_available_yet,bdl_lineup_freshness_manifest,2026-05-30T21:12:58Z,model_grid
Jared McCain,1028027372,OKC,SAS,True,21713534,ra,5.5,5.5,"stat_grid:component_convolution_mean_coherent_v1+components[reb:pmf_sim_v1+role_aware_pmf_cal_v1:rotation+monotone_pit_cdf_v1,ast:pmf_sim_v1+role_aware_pmf_cal_v1:rotation+monotone_pit_cdf_v1]+prior_combo[joint_sampler_v1+joint_combo_pmf_v1+role_aware_pmf_cal_v1:rotation+monotone_pit_cdf_v1]+stat_grid_final_component_convolution_mean_coherent_v1",phase8_role_aware_pmf_cal_v1+monotone_inactive_global_v1,phase8_pmf_cal,rotation,derived_from_projected_minutes,21.1877,20.2272,0.05,4.6392,4.6392,5,4,0.008,0.992,0.9571,0.8674,0.7114,0.5115,0.3155,0.166,0.0748,0.0293,0.0099,0.003,0.0009,0.0003,0.0001,0.0,0.0,0.0,0.0,0.0,0.0,0.3155,217.0,-217.0,morning,2026-05-30T22:47:50Z,6233da92#phase10c,30c4e23e-47a2-4ac0-bf0b-c3c6422ca067,ok,0.0,high,full,current_phase8,fallback_used,projected,derived_from_projected_minutes,bdl_plus_nba_official,2026-05-30T22:46:57Z,projected,not_available_yet,bdl_lineup_freshness_manifest,2026-05-30T21:12:58Z,model_grid
Jared McCain,1028027372,OKC,SAS,True,21713534,ra,6.5,6.5,"stat_grid:component_convolution_mean_coherent_v1+components[reb:pmf_sim_v1+role_aware_pmf_cal_v1:rotation+monotone_pit_cdf_v1,ast:pmf_sim_v1+role_aware_pmf_cal_v1:rotation+monotone_pit_cdf_v1]+prior_combo[joint_sampler_v1+joint_combo_pmf_v1+role_aware_pmf_cal_v1:rotation+monotone_pit_cdf_v1]+stat_grid_final_component_convolution_mean_coherent_v1",phase8_role_aware_pmf_cal_v1+monotone_inactive_global_v1,phase8_pmf_cal,rotation,derived_from_projected_minutes,21.1877,20.2272,0.05,4.6392,4.6392,5,4,0.008,0.992,0.9571,0.8674,0.7114,0.5115,0.3155,0.166,0.0748,0.0293,0.0099,0.003,0.0009,0.0003,0.0001,0.0,0.0,0.0,0.0,0.0,0.0,0.166,502.0,-502.0,morning,2026-05-30T22:47:50Z,6233da92#phase10c,30c4e23e-47a2-4ac0-bf0b-c3c6422ca067,ok,0.0,high,full,current_phase8,fallback_used,projected,derived_from_projected_minutes,bdl_plus_nba_official,2026-05-30T22:46:57Z,projected,not_available_yet,bdl_lineup_freshness_manifest,2026-05-30T21:12:58Z,model_grid
Jared McCain,1028027372,OKC,SAS,True,21713534,ra,7.5,7.5,"stat_grid:component_convolution_mean_coherent_v1+components[reb:pmf_sim_v1+role_aware_pmf_cal_v1:rotation+monotone_pit_cdf_v1,ast:pmf_sim_v1+role_aware_pmf_cal_v1:rotation+monotone_pit_cdf_v1]+prior_combo[joint_sampler_v1+joint_combo_pmf_v1+role_aware_pmf_cal_v1:rotation+monotone_pit_cdf_v1]+stat_grid_final_component_convolution_mean_coherent_v1",phase8_role_aware_pmf_cal_v1+monotone_inactive_global_v1,phase8_pmf_cal,rotation,derived_from_projected_minutes,21.1877,20.2272,0.05,4.6392,4.6392,5,4,0.008,0.992,0.9571,0.8674,0.7114,0.5115,0.3155,0.166,0.0748,0.0293,0.0099,0.003,0.0009,0.0003,0.0001,0.0,0.0,0.0,0.0,0.0,0.0,0.0748,1238.0,-1238.0,morning,2026-05-30T22:47:50Z,6233da92#phase10c,30c4e23e-47a2-4ac0-bf0b-c3c6422ca067,ok,0.0,high,full,current_phase8,fallback_used,projected,derived_from_projected_minutes,bdl_plus_nba_official,2026-05-30T22:46:57Z,projected,not_available_yet,bdl_lineup_freshness_manifest,2026-05-30T21:12:58Z,model_grid
Jared McCain,1028027372,OKC,SAS,True,21713534,ra,8.5,8.5,"stat_grid:component_convolution_mean_coherent_v1+components[reb:pmf_sim_v1+role_aware_pmf_cal_v1:rotation+monotone_pit_cdf_v1,ast:pmf_sim_v1+role_aware_pmf_cal_v1:rotation+monotone_pit_cdf_v1]+prior_combo[joint_sampler_v1+joint_combo_pmf_v1+role_aware_pmf_cal_v1:rotation+monotone_pit_cdf_v1]+stat_grid_final_component_convolution_mean_coherent_v1",phase8_role_aware_pmf_cal_v1+monotone_inactive_global_v1,phase8_pmf_cal,rotation,derived_from_projected_minutes,21.1877,20.2272,0.05,4.6392,4.6392,5,4,0.008,0.992,0.9571,0.8674,0.7114,0.5115,0.3155,0.166,0.0748,0.0293,0.0099,0.003,0.0009,0.0003,0.0001,0.0,0.0,0.0,0.0,0.0,0.0,0.0293,3315.0,-3315.0,morning,2026-05-30T22:47:50Z,6233da92#phase10c,30c4e23e-47a2-4ac0-bf0b-c3c6422ca067,ok,0.0,high,full,current_phase8,fallback_used,projected,derived_from_projected_minutes,bdl_plus_nba_official,2026-05-30T22:46:57Z,projected,not_available_yet,bdl_lineup_freshness_manifest,2026-05-30T21:12:58Z,model_grid
Jared McCain,1028027372,OKC,SAS,True,21713534,ra,9.5,9.5,"stat_grid:component_convolution_mean_coherent_v1+components[reb:pmf_sim_v1+role_aware_pmf_cal_v1:rotation+monotone_pit_cdf_v1,ast:pmf_sim_v1+role_aware_pmf_cal_v1:rotation+monotone_pit_cdf_v1]+prior_combo[joint_sampler_v1+joint_combo_pmf_v1+role_aware_pmf_cal_v1:rotation+monotone_pit_cdf_v1]+stat_grid_final_component_convolution_mean_coherent_v1",phase8_role_aware_pmf_cal_v1+monotone_inactive_global_v1,phase8_pmf_cal,rotation,derived_from_projected_minutes,21.1877,20.2272,0.05,4.6392,4.6392,5,4,0.008,0.992,0.9571,0.8674,0.7114,0.5115,0.3155,0.166,0.0748,0.0293,0.0099,0.003,0.0009,0.0003,0.0001,0.0,0.0,0.0,0.0,0.0,0.0,0.0099,10043.0,-10043.0,morning,2026-05-30T22:47:50Z,6233da92#phase10c,30c4e23e-47a2-4ac0-bf0b-c3c6422ca067,ok,0.0,high,full,current_phase8,fallback_used,projected,derived_from_projected_minutes,bdl_plus_nba_official,2026-05-30T22:46:57Z,projected,not_available_yet,bdl_lineup_freshness_manifest,2026-05-30T21:12:58Z,model_grid
Jared McCain,1028027372,OKC,SAS,True,21713534,ra,10.5,10.5,"stat_grid:component_convolution_mean_coherent_v1+components[reb:pmf_sim_v1+role_aware_pmf_cal_v1:rotation+monotone_pit_cdf_v1,ast:pmf_sim_v1+role_aware_pmf_cal_v1:rotation+monotone_pit_cdf_v1]+prior_combo[joint_sampler_v1+joint_combo_pmf_v1+role_aware_pmf_cal_v1:rotation+monotone_pit_cdf_v1]+stat_grid_final_component_convolution_mean_coherent_v1",phase8_role_aware_pmf_cal_v1+monotone_inactive_global_v1,phase8_pmf_cal,rotation,derived_from_projected_minutes,21.1877,20.2272,0.05,4.6392,4.6392,5,4,0.008,0.992,0.9571,0.8674,0.7114,0.5115,0.3155,0.166,0.0748,0.0293,0.0099,0.003,0.0009,0.0003,0.0001,0.0,0.0,0.0,0.0,0.0,0.0,0.003,32782.0,-32782.0,morning,2026-05-30T22:47:50Z,6233da92#phase10c,30c4e23e-47a2-4ac0-bf0b-c3c6422ca067,ok,0.0,high,full,current_phase8,fallback_used,projected,derived_from_projected_minutes,bdl_plus_nba_official,2026-05-30T22:46:57Z,projected,not_available_yet,bdl_lineup_freshness_manifest,2026-05-30T21:12:58Z,model_grid
Jared McCain,1028027372,OKC,SAS,True,21713534,ra,11.5,11.5,"stat_grid:component_convolution_mean_coherent_v1+components[reb:pmf_sim_v1+role_aware_pmf_cal_v1:rotation+monotone_pit_cdf_v1,ast:pmf_sim_v1+role_aware_pmf_cal_v1:rotation+monotone_pit_cdf_v1]+prior_combo[joint_sampler_v1+joint_combo_pmf_v1+role_aware_pmf_cal_v1:rotation+monotone_pit_cdf_v1]+stat_grid_final_component_convolution_mean_coherent_v1",phase8_role_aware_pmf_cal_v1+monotone_inactive_global_v1,phase8_pmf_cal,rotation,derived_from_projected_minutes,21.1877,20.2272,0.05,4.6392,4.6392,5,4,0.008,0.992,0.9571,0.8674,0.7114,0.5115,0.3155,0.166,0.0748,0.0293,0.0099,0.003,0.0009,0.0003,0.0001,0.0,0.0,0.0,0.0,0.0,0.0,0.0009,108955.0,-108955.0,morning,2026-05-30T22:47:50Z,6233da92#phase10c,30c4e23e-47a2-4ac0-bf0b-c3c6422ca067,ok,0.0,high,full,current_phase8,fallback_used,projected,derived_from_projected_minutes,bdl_plus_nba_official,2026-05-30T22:46:57Z,projected,not_available_yet,bdl_lineup_freshness_manifest,2026-05-30T21:12:58Z,model_grid
Jared McCain,1028027372,OKC,SAS,True,21713534,ra,12.5,12.5,"stat_grid:component_convolution_mean_coherent_v1+components[reb:pmf_sim_v1+role_aware_pmf_cal_v1:rotation+monotone_pit_cdf_v1,ast:pmf_sim_v1+role_aware_pmf_cal_v1:rotation+monotone_pit_cdf_v1]+prior_combo[joint_sampler_v1+joint_combo_pmf_v1+role_aware_pmf_cal_v1:rotation+monotone_pit_cdf_v1]+stat_grid_final_component_convolution_mean_coherent_v1",phase8_role_aware_pmf_cal_v1+monotone_inactive_global_v1,phase8_pmf_cal,rotation,derived_from_projected_minutes,21.1877,20.2272,0.05,4.6392,4.6392,5,4,0.008,0.992,0.9571,0.8674,0.7114,0.5115,0.3155,0.166,0.0748,0.0293,0.0099,0.003,0.0009,0.0003,0.0001,0.0,0.0,0.0,0.0,0.0,0.0,0.0003,344332.0,-344332.0,morning,2026-05-30T22:47:50Z,6233da92#phase10c,30c4e23e-47a2-4ac0-bf0b-c3c6422ca067,ok,0.0,high,full,current_phase8,fallback_used,projected,derived_from_projected_minutes,bdl_plus_nba_official,2026-05-30T22:46:57Z,projected,not_available_yet,bdl_lineup_freshness_manifest,2026-05-30T21:12:58Z,model_grid
Jared McCain,1028027372,OKC,SAS,True,21713534,ra,13.5,13.5,"stat_grid:component_convolution_mean_coherent_v1+components[reb:pmf_sim_v1+role_aware_pmf_cal_v1:rotation+monotone_pit_cdf_v1,ast:pmf_sim_v1+role_aware_pmf_cal_v1:rotation+monotone_pit_cdf_v1]+prior_combo[joint_sampler_v1+joint_combo_pmf_v1+role_aware_pmf_cal_v1:rotation+monotone_pit_cdf_v1]+stat_grid_final_component_convolution_mean_coherent_v1",phase8_role_aware_pmf_cal_v1+monotone_inactive_global_v1,phase8_pmf_cal,rotation,derived_from_projected_minutes,21.1877,20.2272,0.05,4.6392,4.6392,5,4,0.008,0.992,0.9571,0.8674,0.7114,0.5115,0.3155,0.166,0.0748,0.0293,0.0099,0.003,0.0009,0.0003,0.0001,0.0,0.0,0.0,0.0,0.0,0.0,0.0001,1002154.0,-1002154.0,morning,2026-05-30T22:47:50Z,6233da92#phase10c,30c4e23e-47a2-4ac0-bf0b-c3c6422ca067,ok,0.0,high,full,current_phase8,fallback_used,projected,derived_from_projected_minutes,bdl_plus_nba_official,2026-05-30T22:46:57Z,projected,not_available_yet,bdl_lineup_freshness_manifest,2026-05-30T21:12:58Z,model_grid
Jared McCain,1028027372,OKC,SAS,True,21713534,ra,14.5,14.5,"stat_grid:component_convolution_mean_coherent_v1+components[reb:pmf_sim_v1+role_aware_pmf_cal_v1:rotation+monotone_pit_cdf_v1,ast:pmf_sim_v1+role_aware_pmf_cal_v1:rotation+monotone_pit_cdf_v1]+prior_combo[joint_sampler_v1+joint_combo_pmf_v1+role_aware_pmf_cal_v1:rotation+monotone_pit_cdf_v1]+stat_grid_final_component_convolution_mean_coherent_v1",phase8_role_aware_pmf_cal_v1+monotone_inactive_global_v1,phase8_pmf_cal,rotation,derived_from_projected_minutes,21.1877,20.2272,0.05,4.6392,4.6392,5,4,0.008,0.992,0.9571,0.8674,0.7114,0.5115,0.3155,0.166,0.0748,0.0293,0.0099,0.003,0.0009,0.0003,0.0001,0.0,0.0,0.0,0.0,0.0,0.0,0.0,2909992.0,-2909992.0,morning,2026-05-30T22:47:50Z,6233da92#phase10c,30c4e23e-47a2-4ac0-bf0b-c3c6422ca067,ok,0.0,high,full,current_phase8,fallback_used,projected,derived_from_projected_minutes,bdl_plus_nba_official,2026-05-30T22:46:57Z,projected,not_available_yet,bdl_lineup_freshness_manifest,2026-05-30T21:12:58Z,model_grid
Jared McCain,1028027372,OKC,SAS,True,21713534,ra,15.5,15.5,"stat_grid:component_convolution_mean_coherent_v1+components[reb:pmf_sim_v1+role_aware_pmf_cal_v1:rotation+monotone_pit_cdf_v1,ast:pmf_sim_v1+role_aware_pmf_cal_v1:rotation+monotone_pit_cdf_v1]+prior_combo[joint_sampler_v1+joint_combo_pmf_v1+role_aware_pmf_cal_v1:rotation+monotone_pit_cdf_v1]+stat_grid_final_component_convolution_mean_coherent_v1",phase8_role_aware_pmf_cal_v1+monotone_inactive_global_v1,phase8_pmf_cal,rotation,derived_from_projected_minutes,21.1877,20.2272,0.05,4.6392,4.6392,5,4,0.008,0.992,0.9571,0.8674,0.7114,0.5115,0.3155,0.166,0.0748,0.0293,0.0099,0.003,0.0009,0.0003,0.0001,0.0,0.0,0.0,0.0,0.0,0.0,0.0,8513393.0,-8513393.0,morning,2026-05-30T22:47:50Z,6233da92#phase10c,30c4e23e-47a2-4ac0-bf0b-c3c6422ca067,ok,0.0,high,full,current_phase8,fallback_used,projected,derived_from_projected_minutes,bdl_plus_nba_official,2026-05-30T22:46:57Z,projected,not_available_yet,bdl_lineup_freshness_manifest,2026-05-30T21:12:58Z,model_grid
Jared McCain,1028027372,OKC,SAS,True,21713534,ra,16.5,16.5,"stat_grid:component_convolution_mean_coherent_v1+components[reb:pmf_sim_v1+role_aware_pmf_cal_v1:rotation+monotone_pit_cdf_v1,ast:pmf_sim_v1+role_aware_pmf_cal_v1:rotation+monotone_pit_cdf_v1]+prior_combo[joint_sampler_v1+joint_combo_pmf_v1+role_aware_pmf_cal_v1:rotation+monotone_pit_cdf_v1]+stat_grid_final_component_convolution_mean_coherent_v1",phase8_role_aware_pmf_cal_v1+monotone_inactive_global_v1,phase8_pmf_cal,rotation,derived_from_projected_minutes,21.1877,20.2272,0.05,4.6392,4.6392,5,4,0.008,0.992,0.9571,0.8674,0.7114,0.5115,0.3155,0.166,0.0748,0.0293,0.0099,0.003,0.0009,0.0003,0.0001,0.0,0.0,0.0,0.0,0.0,0.0,0.0,27429326.0,-27429326.0,morning,2026-05-30T22:47:50Z,6233da92#phase10c,30c4e23e-47a2-4ac0-bf0b-c3c6422ca067,ok,0.0,high,full,current_phase8,fallback_used,projected,derived_from_projected_minutes,bdl_plus_nba_official,2026-05-30T22:46:57Z,projected,not_available_yet,bdl_lineup_freshness_manifest,2026-05-30T21:12:58Z,model_grid
Jared McCain,1028027372,OKC,SAS,True,21713534,ra,17.5,17.5,"stat_grid:component_convolution_mean_coherent_v1+components[reb:pmf_sim_v1+role_aware_pmf_cal_v1:rotation+monotone_pit_cdf_v1,ast:pmf_sim_v1+role_aware_pmf_cal_v1:rotation+monotone_pit_cdf_v1]+prior_combo[joint_sampler_v1+joint_combo_pmf_v1+role_aware_pmf_cal_v1:rotation+monotone_pit_cdf_v1]+stat_grid_final_component_convolution_mean_coherent_v1",phase8_role_aware_pmf_cal_v1+monotone_inactive_global_v1,phase8_pmf_cal,rotation,derived_from_projected_minutes,21.1877,20.2272,0.05,4.6392,4.6392,5,4,0.008,0.992,0.9571,0.8674,0.7114,0.5115,0.3155,0.166,0.0748,0.0293,0.0099,0.003,0.0009,0.0003,0.0001,0.0,0.0,0.0,0.0,0.0,0.0,0.0,95350496.0,-95350496.0,morning,2026-05-30T22:47:50Z,6233da92#phase10c,30c4e23e-47a2-4ac0-bf0b-c3c6422ca067,ok,0.0,high,full,current_phase8,fallback_used,projected,derived_from_projected_minutes,bdl_plus_nba_official,2026-05-30T22:46:57Z,projected,not_available_yet,bdl_lineup_freshness_manifest,2026-05-30T21:12:58Z,model_grid
Jared McCain,1028027372,OKC,SAS,True,21713534,ra,18.5,18.5,"stat_grid:component_convolution_mean_coherent_v1+components[reb:pmf_sim_v1+role_aware_pmf_cal_v1:rotation+monotone_pit_cdf_v1,ast:pmf_sim_v1+role_aware_pmf_cal_v1:rotation+monotone_pit_cdf_v1]+prior_combo[joint_sampler_v1+joint_combo_pmf_v1+role_aware_pmf_cal_v1:rotation+monotone_pit_cdf_v1]+stat_grid_final_component_convolution_mean_coherent_v1",phase8_role_aware_pmf_cal_v1+monotone_inactive_global_v1,phase8_pmf_cal,rotation,derived_from_projected_minutes,21.1877,20.2272,0.05,4.6392,4.6392,5,4,0.008,0.992,0.9571,0.8674,0.7114,0.5115,0.3155,0.166,0.0748,0.0293,0.0099,0.003,0.0009,0.0003,0.0001,0.0,0.0,0.0,0.0,0.0,0.0,0.0,355372151.0,-355372151.0,morning,2026-05-30T22:47:50Z,6233da92#phase10c,30c4e23e-47a2-4ac0-bf0b-c3c6422ca067,ok,0.0,high,full,current_phase8,fallback_used,projected,derived_from_projected_minutes,bdl_plus_nba_official,2026-05-30T22:46:57Z,projected,not_available_yet,bdl_lineup_freshness_manifest,2026-05-30T21:12:58Z,model_grid
Jared McCain,1028027372,OKC,SAS,True,21713534,ra,19.5,19.5,"stat_grid:component_convolution_mean_coherent_v1+components[reb:pmf_sim_v1+role_aware_pmf_cal_v1:rotation+monotone_pit_cdf_v1,ast:pmf_sim_v1+role_aware_pmf_cal_v1:rotation+monotone_pit_cdf_v1]+prior_combo[joint_sampler_v1+joint_combo_pmf_v1+role_aware_pmf_cal_v1:rotation+monotone_pit_cdf_v1]+stat_grid_final_component_convolution_mean_coherent_v1",phase8_role_aware_pmf_cal_v1+monotone_inactive_global_v1,phase8_pmf_cal,rotation,derived_from_projected_minutes,21.1877,20.2272,0.05,4.6392,4.6392,5,4,0.008,0.992,0.9571,0.8674,0.7114,0.5115,0.3155,0.166,0.0748,0.0293,0.0099,0.003,0.0009,0.0003,0.0001,0.0,0.0,0.0,0.0,0.0,0.0,0.0,1473944656.0,-1473944656.0,morning,2026-05-30T22:47:50Z,6233da92#phase10c,30c4e23e-47a2-4ac0-bf0b-c3c6422ca067,ok,0.0,high,full,current_phase8,fallback_used,projected,derived_from_projected_minutes,bdl_plus_nba_official,2026-05-30T22:46:57Z,projected,not_available_yet,bdl_lineup_freshness_manifest,2026-05-30T21:12:58Z,model_grid
Jared McCain,1028027372,OKC,SAS,True,21713534,pra,0.5,0.5,"stat_grid:component_convolution_mean_coherent_v1+components[pts:pmf_sim_v1+role_aware_pmf_cal_v1:rotation+monotone_pit_cdf_v1,reb:pmf_sim_v1+role_aware_pmf_cal_v1:rotation+monotone_pit_cdf_v1,ast:pmf_sim_v1+role_aware_pmf_cal_v1:rotation+monotone_pit_cdf_v1]+prior_combo[joint_sampler_v1+joint_combo_pmf_v1+role_aware_pmf_cal_v1:rotation+monotone_pit_cdf_v1]+stat_grid_final_component_convolution_mean_coherent_v1",phase8_role_aware_pmf_cal_v1+monotone_inactive_global_v1,phase8_pmf_cal,rotation,derived_from_projected_minutes,21.1877,20.2272,0.05,16.5362,16.5362,16,15,0.0003,0.9997,0.9983,0.9938,0.9842,0.9683,0.9465,0.9203,0.891,0.8589,0.8234,0.7835,0.739,0.6899,0.6369,0.5809,0.5237,0.4673,0.4134,0.363,0.3165,0.9997,-366886.0,366886.0,morning,2026-05-30T22:47:50Z,6233da92#phase10c,30c4e23e-47a2-4ac0-bf0b-c3c6422ca067,ok,0.0,high,full,current_phase8,fallback_used,projected,derived_from_projected_minutes,bdl_plus_nba_official,2026-05-30T22:46:57Z,projected,not_available_yet,bdl_lineup_freshness_manifest,2026-05-30T21:12:58Z,model_grid
Jared McCain,1028027372,OKC,SAS,True,21713534,pra,1.5,1.5,"stat_grid:component_convolution_mean_coherent_v1+components[pts:pmf_sim_v1+role_aware_pmf_cal_v1:rotation+monotone_pit_cdf_v1,reb:pmf_sim_v1+role_aware_pmf_cal_v1:rotation+monotone_pit_cdf_v1,ast:pmf_sim_v1+role_aware_pmf_cal_v1:rotation+monotone_pit_cdf_v1]+prior_combo[joint_sampler_v1+joint_combo_pmf_v1+role_aware_pmf_cal_v1:rotation+monotone_pit_cdf_v1]+stat_grid_final_component_convolution_mean_coherent_v1",phase8_role_aware_pmf_cal_v1+monotone_inactive_global_v1,phase8_pmf_cal,rotation,derived_from_projected_minutes,21.1877,20.2272,0.05,16.5362,16.5362,16,15,0.0003,0.9997,0.9983,0.9938,0.9842,0.9683,0.9465,0.9203,0.891,0.8589,0.8234,0.7835,0.739,0.6899,0.6369,0.5809,0.5237,0.4673,0.4134,0.363,0.3165,0.9983,-57533.0,57533.0,morning,2026-05-30T22:47:50Z,6233da92#phase10c,30c4e23e-47a2-4ac0-bf0b-c3c6422ca067,ok,0.0,high,full,current_phase8,fallback_used,projected,derived_from_projected_minutes,bdl_plus_nba_official,2026-05-30T22:46:57Z,projected,not_available_yet,bdl_lineup_freshness_manifest,2026-05-30T21:12:58Z,model_grid
Jared McCain,1028027372,OKC,SAS,True,21713534,pra,2.5,2.5,"stat_grid:component_convolution_mean_coherent_v1+components[pts:pmf_sim_v1+role_aware_pmf_cal_v1:rotation+monotone_pit_cdf_v1,reb:pmf_sim_v1+role_aware_pmf_cal_v1:rotation+monotone_pit_cdf_v1,ast:pmf_sim_v1+role_aware_pmf_cal_v1:rotation+monotone_pit_cdf_v1]+prior_combo[joint_sampler_v1+joint_combo_pmf_v1+role_aware_pmf_cal_v1:rotation+monotone_pit_cdf_v1]+stat_grid_final_component_convolution_mean_coherent_v1",phase8_role_aware_pmf_cal_v1+monotone_inactive_global_v1,phase8_pmf_cal,rotation,derived_from_projected_minutes,21.1877,20.2272,0.05,16.5362,16.5362,16,15,0.0003,0.9997,0.9983,0.9938,0.9842,0.9683,0.9465,0.9203,0.891,0.8589,0.8234,0.7835,0.739,0.6899,0.6369,0.5809,0.5237,0.4673,0.4134,0.363,0.3165,0.9938,-16022.0,16022.0,morning,2026-05-30T22:47:50Z,6233da92#phase10c,30c4e23e-47a2-4ac0-bf0b-c3c6422ca067,ok,0.0,high,full,current_phase8,fallback_used,projected,derived_from_projected_minutes,bdl_plus_nba_official,2026-05-30T22:46:57Z,projected,not_available_yet,bdl_lineup_freshness_manifest,2026-05-30T21:12:58Z,model_grid
Jared McCain,1028027372,OKC,SAS,True,21713534,pra,3.5,3.5,"stat_grid:component_convolution_mean_coherent_v1+components[pts:pmf_sim_v1+role_aware_pmf_cal_v1:rotation+monotone_pit_cdf_v1,reb:pmf_sim_v1+role_aware_pmf_cal_v1:rotation+monotone_pit_cdf_v1,ast:pmf_sim_v1+role_aware_pmf_cal_v1:rotation+monotone_pit_cdf_v1]+prior_combo[joint_sampler_v1+joint_combo_pmf_v1+role_aware_pmf_cal_v1:rotation+monotone_pit_cdf_v1]+stat_grid_final_component_convolution_mean_coherent_v1",phase8_role_aware_pmf_cal_v1+monotone_inactive_global_v1,phase8_pmf_cal,rotation,derived_from_projected_minutes,21.1877,20.2272,0.05,16.5362,16.5362,16,15,0.0003,0.9997,0.9983,0.9938,0.9842,0.9683,0.9465,0.9203,0.891,0.8589,0.8234,0.7835,0.739,0.6899,0.6369,0.5809,0.5237,0.4673,0.4134,0.363,0.3165,0.9842,-6237.0,6237.0,morning,2026-05-30T22:47:50Z,6233da92#phase10c,30c4e23e-47a2-4ac0-bf0b-c3c6422ca067,ok,0.0,high,full,current_phase8,fallback_used,projected,derived_from_projected_minutes,bdl_plus_nba_official,2026-05-30T22:46:57Z,projected,not_available_yet,bdl_lineup_freshness_manifest,2026-05-30T21:12:58Z,model_grid
Jared McCain,1028027372,OKC,SAS,True,21713534,pra,4.5,4.5,"stat_grid:component_convolution_mean_coherent_v1+components[pts:pmf_sim_v1+role_aware_pmf_cal_v1:rotation+monotone_pit_cdf_v1,reb:pmf_sim_v1+role_aware_pmf_cal_v1:rotation+monotone_pit_cdf_v1,ast:pmf_sim_v1+role_aware_pmf_cal_v1:rotation+monotone_pit_cdf_v1]+prior_combo[joint_sampler_v1+joint_combo_pmf_v1+role_aware_pmf_cal_v1:rotation+monotone_pit_cdf_v1]+stat_grid_final_component_convolution_mean_coherent_v1",phase8_role_aware_pmf_cal_v1+monotone_inactive_global_v1,phase8_pmf_cal,rotation,derived_from_projected_minutes,21.1877,20.2272,0.05,16.5362,16.5362,16,15,0.0003,0.9997,0.9983,0.9938,0.9842,0.9683,0.9465,0.9203,0.891,0.8589,0.8234,0.7835,0.739,0.6899,0.6369,0.5809,0.5237,0.4673,0.4134,0.363,0.3165,0.9683,-3058.0,3058.0,morning,2026-05-30T22:47:50Z,6233da92#phase10c,30c4e23e-47a2-4ac0-bf0b-c3c6422ca067,ok,0.0,high,full,current_phase8,fallback_used,projected,derived_from_projected_minutes,bdl_plus_nba_official,2026-05-30T22:46:57Z,projected,not_available_yet,bdl_lineup_freshness_manifest,2026-05-30T21:12:58Z,model_grid
Jared McCain,1028027372,OKC,SAS,True,21713534,pra,5.5,5.5,"stat_grid:component_convolution_mean_coherent_v1+components[pts:pmf_sim_v1+role_aware_pmf_cal_v1:rotation+monotone_pit_cdf_v1,reb:pmf_sim_v1+role_aware_pmf_cal_v1:rotation+monotone_pit_cdf_v1,ast:pmf_sim_v1+role_aware_pmf_cal_v1:rotation+monotone_pit_cdf_v1]+prior_combo[joint_sampler_v1+joint_combo_pmf_v1+role_aware_pmf_cal_v1:rotation+monotone_pit_cdf_v1]+stat_grid_final_component_convolution_mean_coherent_v1",phase8_role_aware_pmf_cal_v1+monotone_inactive_global_v1,phase8_pmf_cal,rotation,derived_from_projected_minutes,21.1877,20.2272,0.05,16.5362,16.5362,16,15,0.0003,0.9997,0.9983,0.9938,0.9842,0.9683,0.9465,0.9203,0.891,0.8589,0.8234,0.7835,0.739,0.6899,0.6369,0.5809,0.5237,0.4673,0.4134,0.363,0.3165,0.9465,-1770.0,1770.0,morning,2026-05-30T22:47:50Z,6233da92#phase10c,30c4e23e-47a2-4ac0-bf0b-c3c6422ca067,ok,0.0,high,full,current_phase8,fallback_used,projected,derived_from_projected_minutes,bdl_plus_nba_official,2026-05-30T22:46:57Z,projected,not_available_yet,bdl_lineup_freshness_manifest,2026-05-30T21:12:58Z,model_grid
Jared McCain,1028027372,OKC,SAS,True,21713534,pra,6.5,6.5,"stat_grid:component_convolution_mean_coherent_v1+components[pts:pmf_sim_v1+role_aware_pmf_cal_v1:rotation+monotone_pit_cdf_v1,reb:pmf_sim_v1+role_aware_pmf_cal_v1:rotation+monotone_pit_cdf_v1,ast:pmf_sim_v1+role_aware_pmf_cal_v1:rotation+monotone_pit_cdf_v1]+prior_combo[joint_sampler_v1+joint_combo_pmf_v1+role_aware_pmf_cal_v1:rotation+monotone_pit_cdf_v1]+stat_grid_final_component_convolution_mean_coherent_v1",phase8_role_aware_pmf_cal_v1+monotone_inactive_global_v1,phase8_pmf_cal,rotation,derived_from_projected_minutes,21.1877,20.2272,0.05,16.5362,16.5362,16,15,0.0003,0.9997,0.9983,0.9938,0.9842,0.9683,0.9465,0.9203,0.891,0.8589,0.8234,0.7835,0.739,0.6899,0.6369,0.5809,0.5237,0.4673,0.4134,0.363,0.3165,0.9203,-1155.0,1155.0,morning,2026-05-30T22:47:50Z,6233da92#phase10c,30c4e23e-47a2-4ac0-bf0b-c3c6422ca067,ok,0.0,high,full,current_phase8,fallback_used,projected,derived_from_projected_minutes,bdl_plus_nba_official,2026-05-30T22:46:57Z,projected,not_available_yet,bdl_lineup_freshness_manifest,2026-05-30T21:12:58Z,model_grid
Jared McCain,1028027372,OKC,SAS,True,21713534,pra,7.5,7.5,"stat_grid:component_convolution_mean_coherent_v1+components[pts:pmf_sim_v1+role_aware_pmf_cal_v1:rotation+monotone_pit_cdf_v1,reb:pmf_sim_v1+role_aware_pmf_cal_v1:rotation+monotone_pit_cdf_v1,ast:pmf_sim_v1+role_aware_pmf_cal_v1:rotation+monotone_pit_cdf_v1]+prior_combo[joint_sampler_v1+joint_combo_pmf_v1+role_aware_pmf_cal_v1:rotation+monotone_pit_cdf_v1]+stat_grid_final_component_convolution_mean_coherent_v1",phase8_role_aware_pmf_cal_v1+monotone_inactive_global_v1,phase8_pmf_cal,rotation,derived_from_projected_minutes,21.1877,20.2272,0.05,16.5362,16.5362,16,15,0.0003,0.9997,0.9983,0.9938,0.9842,0.9683,0.9465,0.9203,0.891,0.8589,0.8234,0.7835,0.739,0.6899,0.6369,0.5809,0.5237,0.4673,0.4134,0.363,0.3165,0.891,-818.0,818.0,morning,2026-05-30T22:47:50Z,6233da92#phase10c,30c4e23e-47a2-4ac0-bf0b-c3c6422ca067,ok,0.0,high,full,current_phase8,fallback_used,projected,derived_from_projected_minutes,bdl_plus_nba_official,2026-05-30T22:46:57Z,projected,not_available_yet,bdl_lineup_freshness_manifest,2026-05-30T21:12:58Z,model_grid
Jared McCain,1028027372,OKC,SAS,True,21713534,pra,8.5,8.5,"stat_grid:component_convolution_mean_coherent_v1+components[pts:pmf_sim_v1+role_aware_pmf_cal_v1:rotation+monotone_pit_cdf_v1,reb:pmf_sim_v1+role_aware_pmf_cal_v1:rotation+monotone_pit_cdf_v1,ast:pmf_sim_v1+role_aware_pmf_cal_v1:rotation+monotone_pit_cdf_v1]+prior_combo[joint_sampler_v1+joint_combo_pmf_v1+role_aware_pmf_cal_v1:rotation+monotone_pit_cdf_v1]+stat_grid_final_component_convolution_mean_coherent_v1",phase8_role_aware_pmf_cal_v1+monotone_inactive_global_v1,phase8_pmf_cal,rotation,derived_from_projected_minutes,21.1877,20.2272,0.05,16.5362,16.5362,16,15,0.0003,0.9997,0.9983,0.9938,0.9842,0.9683,0.9465,0.9203,0.891,0.8589,0.8234,0.7835,0.739,0.6899,0.6369,0.5809,0.5237,0.4673,0.4134,0.363,0.3165,0.8589,-609.0,609.0,morning,2026-05-30T22:47:50Z,6233da92#phase10c,30c4e23e-47a2-4ac0-bf0b-c3c6422ca067,ok,0.0,high,full,current_phase8,fallback_used,projected,derived_from_projected_minutes,bdl_plus_nba_official,2026-05-30T22:46:57Z,projected,not_available_yet,bdl_lineup_freshness_manifest,2026-05-30T21:12:58Z,model_grid
Jared McCain,1028027372,OKC,SAS,True,21713534,pra,9.5,9.5,"stat_grid:component_convolution_mean_coherent_v1+components[pts:pmf_sim_v1+role_aware_pmf_cal_v1:rotation+monotone_pit_cdf_v1,reb:pmf_sim_v1+role_aware_pmf_cal_v1:rotation+monotone_pit_cdf_v1,ast:pmf_sim_v1+role_aware_pmf_cal_v1:rotation+monotone_pit_cdf_v1]+prior_combo[joint_sampler_v1+joint_combo_pmf_v1+role_aware_pmf_cal_v1:rotation+monotone_pit_cdf_v1]+stat_grid_final_component_convolution_mean_coherent_v1",phase8_role_aware_pmf_cal_v1+monotone_inactive_global_v1,phase8_pmf_cal,rotation,derived_from_projected_minutes,21.1877,20.2272,0.05,16.5362,16.5362,16,15,0.0003,0.9997,0.9983,0.9938,0.9842,0.9683,0.9465,0.9203,0.891,0.8589,0.8234,0.7835,0.739,0.6899,0.6369,0.5809,0.5237,0.4673,0.4134,0.363,0.3165,0.8234,-466.0,466.0,morning,2026-05-30T22:47:50Z,6233da92#phase10c,30c4e23e-47a2-4ac0-bf0b-c3c6422ca067,ok,0.0,high,full,current_phase8,fallback_used,projected,derived_from_projected_minutes,bdl_plus_nba_official,2026-05-30T22:46:57Z,projected,not_available_yet,bdl_lineup_freshness_manifest,2026-05-30T21:12:58Z,model_grid
Jared McCain,1028027372,OKC,SAS,True,21713534,pra,10.5,10.5,"stat_grid:component_convolution_mean_coherent_v1+components[pts:pmf_sim_v1+role_aware_pmf_cal_v1:rotation+monotone_pit_cdf_v1,reb:pmf_sim_v1+role_aware_pmf_cal_v1:rotation+monotone_pit_cdf_v1,ast:pmf_sim_v1+role_aware_pmf_cal_v1:rotation+monotone_pit_cdf_v1]+prior_combo[joint_sampler_v1+joint_combo_pmf_v1+role_aware_pmf_cal_v1:rotation+monotone_pit_cdf_v1]+stat_grid_final_component_convolution_mean_coherent_v1",phase8_role_aware_pmf_cal_v1+monotone_inactive_global_v1,phase8_pmf_cal,rotation,derived_from_projected_minutes,21.1877,20.2272,0.05,16.5362,16.5362,16,15,0.0003,0.9997,0.9983,0.9938,0.9842,0.9683,0.9465,0.9203,0.891,0.8589,0.8234,0.7835,0.739,0.6899,0.6369,0.5809,0.5237,0.4673,0.4134,0.363,0.3165,0.7835,-362.0,362.0,morning,2026-05-30T22:47:50Z,6233da92#phase10c,30c4e23e-47a2-4ac0-bf0b-c3c6422ca067,ok,0.0,high,full,current_phase8,fallback_used,projected,derived_from_projected_minutes,bdl_plus_nba_official,2026-05-30T22:46:57Z,projected,not_available_yet,bdl_lineup_freshness_manifest,2026-05-30T21:12:58Z,model_grid
Jared McCain,1028027372,OKC,SAS,True,21713534,pra,11.5,11.5,"stat_grid:component_convolution_mean_coherent_v1+components[pts:pmf_sim_v1+role_aware_pmf_cal_v1:rotation+monotone_pit_cdf_v1,reb:pmf_sim_v1+role_aware_pmf_cal_v1:rotation+monotone_pit_cdf_v1,ast:pmf_sim_v1+role_aware_pmf_cal_v1:rotation+monotone_pit_cdf_v1]+prior_combo[joint_sampler_v1+joint_combo_pmf_v1+role_aware_pmf_cal_v1:rotation+monotone_pit_cdf_v1]+stat_grid_final_component_convolution_mean_coherent_v1",phase8_role_aware_pmf_cal_v1+monotone_inactive_global_v1,phase8_pmf_cal,rotation,derived_from_projected_minutes,21.1877,20.2272,0.05,16.5362,16.5362,16,15,0.0003,0.9997,0.9983,0.9938,0.9842,0.9683,0.9465,0.9203,0.891,0.8589,0.8234,0.7835,0.739,0.6899,0.6369,0.5809,0.5237,0.4673,0.4134,0.363,0.3165,0.739,-283.0,283.0,morning,2026-05-30T22:47:50Z,6233da92#phase10c,30c4e23e-47a2-4ac0-bf0b-c3c6422ca067,ok,0.0,high,full,current_phase8,fallback_used,projected,derived_from_projected_minutes,bdl_plus_nba_official,2026-05-30T22:46:57Z,projected,not_available_yet,bdl_lineup_freshness_manifest,2026-05-30T21:12:58Z,model_grid
Jared McCain,1028027372,OKC,SAS,True,21713534,pra,12.5,12.5,"stat_grid:component_convolution_mean_coherent_v1+components[pts:pmf_sim_v1+role_aware_pmf_cal_v1:rotation+monotone_pit_cdf_v1,reb:pmf_sim_v1+role_aware_pmf_cal_v1:rotation+monotone_pit_cdf_v1,ast:pmf_sim_v1+role_aware_pmf_cal_v1:rotation+monotone_pit_cdf_v1]+prior_combo[joint_sampler_v1+joint_combo_pmf_v1+role_aware_pmf_cal_v1:rotation+monotone_pit_cdf_v1]+stat_grid_final_component_convolution_mean_coherent_v1",phase8_role_aware_pmf_cal_v1+monotone_inactive_global_v1,phase8_pmf_cal,rotation,derived_from_projected_minutes,21.1877,20.2272,0.05,16.5362,16.5362,16,15,0.0003,0.9997,0.9983,0.9938,0.9842,0.9683,0.9465,0.9203,0.891,0.8589,0.8234,0.7835,0.739,0.6899,0.6369,0.5809,0.5237,0.4673,0.4134,0.363,0.3165,0.6899,-223.0,223.0,morning,2026-05-30T22:47:50Z,6233da92#phase10c,30c4e23e-47a2-4ac0-bf0b-c3c6422ca067,ok,0.0,high,full,current_phase8,fallback_used,projected,derived_from_projected_minutes,bdl_plus_nba_official,2026-05-30T22:46:57Z,projected,not_available_yet,bdl_lineup_freshness_manifest,2026-05-30T21:12:58Z,model_grid
Jared McCain,1028027372,OKC,SAS,True,21713534,pra,13.5,13.5,"stat_grid:component_convolution_mean_coherent_v1+components[pts:pmf_sim_v1+role_aware_pmf_cal_v1:rotation+monotone_pit_cdf_v1,reb:pmf_sim_v1+role_aware_pmf_cal_v1:rotation+monotone_pit_cdf_v1,ast:pmf_sim_v1+role_aware_pmf_cal_v1:rotation+monotone_pit_cdf_v1]+prior_combo[joint_sampler_v1+joint_combo_pmf_v1+role_aware_pmf_cal_v1:rotation+monotone_pit_cdf_v1]+stat_grid_final_component_convolution_mean_coherent_v1",phase8_role_aware_pmf_cal_v1+monotone_inactive_global_v1,phase8_pmf_cal,rotation,derived_from_projected_minutes,21.1877,20.2272,0.05,16.5362,16.5362,16,15,0.0003,0.9997,0.9983,0.9938,0.9842,0.9683,0.9465,0.9203,0.891,0.8589,0.8234,0.7835,0.739,0.6899,0.6369,0.5809,0.5237,0.4673,0.4134,0.363,0.3165,0.6369,-175.0,175.0,morning,2026-05-30T22:47:50Z,6233da92#phase10c,30c4e23e-47a2-4ac0-bf0b-c3c6422ca067,ok,0.0,high,full,current_phase8,fallback_used,projected,derived_from_projected_minutes,bdl_plus_nba_official,2026-05-30T22:46:57Z,projected,not_available_yet,bdl_lineup_freshness_manifest,2026-05-30T21:12:58Z,model_grid
Jared McCain,1028027372,OKC,SAS,True,21713534,pra,14.5,14.5,"stat_grid:component_convolution_mean_coherent_v1+components[pts:pmf_sim_v1+role_aware_pmf_cal_v1:rotation+monotone_pit_cdf_v1,reb:pmf_sim_v1+role_aware_pmf_cal_v1:rotation+monotone_pit_cdf_v1,ast:pmf_sim_v1+role_aware_pmf_cal_v1:rotation+monotone_pit_cdf_v1]+prior_combo[joint_sampler_v1+joint_combo_pmf_v1+role_aware_pmf_cal_v1:rotation+monotone_pit_cdf_v1]+stat_grid_final_component_convolution_mean_coherent_v1",phase8_role_aware_pmf_cal_v1+monotone_inactive_global_v1,phase8_pmf_cal,rotation,derived_from_projected_minutes,21.1877,20.2272,0.05,16.5362,16.5362,16,15,0.0003,0.9997,0.9983,0.9938,0.9842,0.9683,0.9465,0.9203,0.891,0.8589,0.8234,0.7835,0.739,0.6899,0.6369,0.5809,0.5237,0.4673,0.4134,0.363,0.3165,0.5809,-139.0,139.0,morning,2026-05-30T22:47:50Z,6233da92#phase10c,30c4e23e-47a2-4ac0-bf0b-c3c6422ca067,ok,0.0,high,full,current_phase8,fallback_used,projected,derived_from_projected_minutes,bdl_plus_nba_official,2026-05-30T22:46:57Z,projected,not_available_yet,bdl_lineup_freshness_manifest,2026-05-30T21:12:58Z,model_grid
Jared McCain,1028027372,OKC,SAS,True,21713534,pra,15.5,15.5,"stat_grid:component_convolution_mean_coherent_v1+components[pts:pmf_sim_v1+role_aware_pmf_cal_v1:rotation+monotone_pit_cdf_v1,reb:pmf_sim_v1+role_aware_pmf_cal_v1:rotation+monotone_pit_cdf_v1,ast:pmf_sim_v1+role_aware_pmf_cal_v1:rotation+monotone_pit_cdf_v1]+prior_combo[joint_sampler_v1+joint_combo_pmf_v1+role_aware_pmf_cal_v1:rotation+monotone_pit_cdf_v1]+stat_grid_final_component_convolution_mean_coherent_v1",phase8_role_aware_pmf_cal_v1+monotone_inactive_global_v1,phase8_pmf_cal,rotation,derived_from_projected_minutes,21.1877,20.2272,0.05,16.5362,16.5362,16,15,0.0003,0.9997,0.9983,0.9938,0.9842,0.9683,0.9465,0.9203,0.891,0.8589,0.8234,0.7835,0.739,0.6899,0.6369,0.5809,0.5237,0.4673,0.4134,0.363,0.3165,0.5237,-110.0,110.0,morning,2026-05-30T22:47:50Z,6233da92#phase10c,30c4e23e-47a2-4ac0-bf0b-c3c6422ca067,ok,0.0,high,full,current_phase8,fallback_used,projected,derived_from_projected_minutes,bdl_plus_nba_official,2026-05-30T22:46:57Z,projected,not_available_yet,bdl_lineup_freshness_manifest,2026-05-30T21:12:58Z,model_grid
Jared McCain,1028027372,OKC,SAS,True,21713534,pra,16.5,16.5,"stat_grid:component_convolution_mean_coherent_v1+components[pts:pmf_sim_v1+role_aware_pmf_cal_v1:rotation+monotone_pit_cdf_v1,reb:pmf_sim_v1+role_aware_pmf_cal_v1:rotation+monotone_pit_cdf_v1,ast:pmf_sim_v1+role_aware_pmf_cal_v1:rotation+monotone_pit_cdf_v1]+prior_combo[joint_sampler_v1+joint_combo_pmf_v1+role_aware_pmf_cal_v1:rotation+monotone_pit_cdf_v1]+stat_grid_final_component_convolution_mean_coherent_v1",phase8_role_aware_pmf_cal_v1+monotone_inactive_global_v1,phase8_pmf_cal,rotation,derived_from_projected_minutes,21.1877,20.2272,0.05,16.5362,16.5362,16,15,0.0003,0.9997,0.9983,0.9938,0.9842,0.9683,0.9465,0.9203,0.891,0.8589,0.8234,0.7835,0.739,0.6899,0.6369,0.5809,0.5237,0.4673,0.4134,0.363,0.3165,0.4673,114.0,-114.0,morning,2026-05-30T22:47:50Z,6233da92#phase10c,30c4e23e-47a2-4ac0-bf0b-c3c6422ca067,ok,0.0,high,full,current_phase8,fallback_used,projected,derived_from_projected_minutes,bdl_plus_nba_official,2026-05-30T22:46:57Z,projected,not_available_yet,bdl_lineup_freshness_manifest,2026-05-30T21:12:58Z,model_grid
Jared McCain,1028027372,OKC,SAS,True,21713534,pra,17.5,17.5,"stat_grid:component_convolution_mean_coherent_v1+components[pts:pmf_sim_v1+role_aware_pmf_cal_v1:rotation+monotone_pit_cdf_v1,reb:pmf_sim_v1+role_aware_pmf_cal_v1:rotation+monotone_pit_cdf_v1,ast:pmf_sim_v1+role_aware_pmf_cal_v1:rotation+monotone_pit_cdf_v1]+prior_combo[joint_sampler_v1+joint_combo_pmf_v1+role_aware_pmf_cal_v1:rotation+monotone_pit_cdf_v1]+stat_grid_final_component_convolution_mean_coherent_v1",phase8_role_aware_pmf_cal_v1+monotone_inactive_global_v1,phase8_pmf_cal,rotation,derived_from_projected_minutes,21.1877,20.2272,0.05,16.5362,16.5362,16,15,0.0003,0.9997,0.9983,0.9938,0.9842,0.9683,0.9465,0.9203,0.891,0.8589,0.8234,0.7835,0.739,0.6899,0.6369,0.5809,0.5237,0.4673,0.4134,0.363,0.3165,0.4134,142.0,-142.0,morning,2026-05-30T22:47:50Z,6233da92#phase10c,30c4e23e-47a2-4ac0-bf0b-c3c6422ca067,ok,0.0,high,full,current_phase8,fallback_used,projected,derived_from_projected_minutes,bdl_plus_nba_official,2026-05-30T22:46:57Z,projected,not_available_yet,bdl_lineup_freshness_manifest,2026-05-30T21:12:58Z,model_grid
Jared McCain,1028027372,OKC,SAS,True,21713534,pra,18.5,18.5,"stat_grid:component_convolution_mean_coherent_v1+components[pts:pmf_sim_v1+role_aware_pmf_cal_v1:rotation+monotone_pit_cdf_v1,reb:pmf_sim_v1+role_aware_pmf_cal_v1:rotation+monotone_pit_cdf_v1,ast:pmf_sim_v1+role_aware_pmf_cal_v1:rotation+monotone_pit_cdf_v1]+prior_combo[joint_sampler_v1+joint_combo_pmf_v1+role_aware_pmf_cal_v1:rotation+monotone_pit_cdf_v1]+stat_grid_final_component_convolution_mean_coherent_v1",phase8_role_aware_pmf_cal_v1+monotone_inactive_global_v1,phase8_pmf_cal,rotation,derived_from_projected_minutes,21.1877,20.2272,0.05,16.5362,16.5362,16,15,0.0003,0.9997,0.9983,0.9938,0.9842,0.9683,0.9465,0.9203,0.891,0.8589,0.8234,0.7835,0.739,0.6899,0.6369,0.5809,0.5237,0.4673,0.4134,0.363,0.3165,0.363,175.0,-175.0,morning,2026-05-30T22:47:50Z,6233da92#phase10c,30c4e23e-47a2-4ac0-bf0b-c3c6422ca067,ok,0.0,high,full,current_phase8,fallback_used,projected,derived_from_projected_minutes,bdl_plus_nba_official,2026-05-30T22:46:57Z,projected,not_available_yet,bdl_lineup_freshness_manifest,2026-05-30T21:12:58Z,model_grid
Jared McCain,1028027372,OKC,SAS,True,21713534,pra,19.5,19.5,"stat_grid:component_convolution_mean_coherent_v1+components[pts:pmf_sim_v1+role_aware_pmf_cal_v1:rotation+monotone_pit_cdf_v1,reb:pmf_sim_v1+role_aware_pmf_cal_v1:rotation+monotone_pit_cdf_v1,ast:pmf_sim_v1+role_aware_pmf_cal_v1:rotation+monotone_pit_cdf_v1]+prior_combo[joint_sampler_v1+joint_combo_pmf_v1+role_aware_pmf_cal_v1:rotation+monotone_pit_cdf_v1]+stat_grid_final_component_convolution_mean_coherent_v1",phase8_role_aware_pmf_cal_v1+monotone_inactive_global_v1,phase8_pmf_cal,rotation,derived_from_projected_minutes,21.1877,20.2272,0.05,16.5362,16.5362,16,15,0.0003,0.9997,0.9983,0.9938,0.9842,0.9683,0.9465,0.9203,0.891,0.8589,0.8234,0.7835,0.739,0.6899,0.6369,0.5809,0.5237,0.4673,0.4134,0.363,0.3165,0.3165,216.0,-216.0,morning,2026-05-30T22:47:50Z,6233da92#phase10c,30c4e23e-47a2-4ac0-bf0b-c3c6422ca067,ok,0.0,high,full,current_phase8,fallback_used,projected,derived_from_projected_minutes,bdl_plus_nba_official,2026-05-30T22:46:57Z,projected,not_available_yet,bdl_lineup_freshness_manifest,2026-05-30T21:12:58Z,model_grid
Dylan Harper,1057262518,SAS,OKC,False,21713534,pts,0.5,0.5,stat_grid:pmf_sim_v1+role_aware_pmf_cal_v1:rotation+monotone_pit_cdf_v1,phase8_role_aware_pmf_cal_v1+monotone_inactive_global_v1,role_aware_pmf_cal_v1,rotation,derived_from_projected_minutes,22.0703,21.7952,0.05,12.1732,12.1732,12,10,0.017,0.983,0.9516,0.9269,0.9047,0.8775,0.8474,0.8122,0.7629,0.7051,0.6474,0.5775,0.5159,0.4462,0.3942,0.3441,0.2899,0.2412,0.1994,0.1662,0.1315,0.983,-5780.0,5780.0,morning,2026-05-30T22:47:50Z,6233da92#phase10c,30c4e23e-47a2-4ac0-bf0b-c3c6422ca067,ok,0.0,high,full,current_phase8,fallback_used,projected,derived_from_projected_minutes,bdl_plus_nba_official,2026-05-30T22:46:57Z,projected,not_available_yet,bdl_lineup_freshness_manifest,2026-05-30T21:12:58Z,model_grid
Dylan Harper,1057262518,SAS,OKC,False,21713534,pts,1.5,1.5,stat_grid:pmf_sim_v1+role_aware_pmf_cal_v1:rotation+monotone_pit_cdf_v1,phase8_role_aware_pmf_cal_v1+monotone_inactive_global_v1,role_aware_pmf_cal_v1,rotation,derived_from_projected_minutes,22.0703,21.7952,0.05,12.1732,12.1732,12,10,0.017,0.983,0.9516,0.9269,0.9047,0.8775,0.8474,0.8122,0.7629,0.7051,0.6474,0.5775,0.5159,0.4462,0.3942,0.3441,0.2899,0.2412,0.1994,0.1662,0.1315,0.9516,-1967.0,1967.0,morning,2026-05-30T22:47:50Z,6233da92#phase10c,30c4e23e-47a2-4ac0-bf0b-c3c6422ca067,ok,0.0,high,full,current_phase8,fallback_used,projected,derived_from_projected_minutes,bdl_plus_nba_official,2026-05-30T22:46:57Z,projected,not_available_yet,bdl_lineup_freshness_manifest,2026-05-30T21:12:58Z,model_grid
Dylan Harper,1057262518,SAS,OKC,False,21713534,pts,2.5,2.5,stat_grid:pmf_sim_v1+role_aware_pmf_cal_v1:rotation+monotone_pit_cdf_v1,phase8_role_aware_pmf_cal_v1+monotone_inactive_global_v1,role_aware_pmf_cal_v1,rotation,derived_from_projected_minutes,22.0703,21.7952,0.05,12.1732,12.1732,12,10,0.017,0.983,0.9516,0.9269,0.9047,0.8775,0.8474,0.8122,0.7629,0.7051,0.6474,0.5775,0.5159,0.4462,0.3942,0.3441,0.2899,0.2412,0.1994,0.1662,0.1315,0.9269,-1267.0,1267.0,morning,2026-05-30T22:47:50Z,6233da92#phase10c,30c4e23e-47a2-4ac0-bf0b-c3c6422ca067,ok,0.0,high,full,current_phase8,fallback_used,projected,derived_from_projected_minutes,bdl_plus_nba_official,2026-05-30T22:46:57Z,projected,not_available_yet,bdl_lineup_freshness_manifest,2026-05-30T21:12:58Z,model_grid
Dylan Harper,1057262518,SAS,OKC,False,21713534,pts,3.5,3.5,stat_grid:pmf_sim_v1+role_aware_pmf_cal_v1:rotation+monotone_pit_cdf_v1,phase8_role_aware_pmf_cal_v1+monotone_inactive_global_v1,role_aware_pmf_cal_v1,rotation,derived_from_projected_minutes,22.0703,21.7952,0.05,12.1732,12.1732,12,10,0.017,0.983,0.9516,0.9269,0.9047,0.8775,0.8474,0.8122,0.7629,0.7051,0.6474,0.5775,0.5159,0.4462,0.3942,0.3441,0.2899,0.2412,0.1994,0.1662,0.1315,0.9047,-949.0,949.0,morning,2026-05-30T22:47:50Z,6233da92#phase10c,30c4e23e-47a2-4ac0-bf0b-c3c6422ca067,ok,0.0,high,full,current_phase8,fallback_used,projected,derived_from_projected_minutes,bdl_plus_nba_official,2026-05-30T22:46:57Z,projected,not_available_yet,bdl_lineup_freshness_manifest,2026-05-30T21:12:58Z,model_grid
Dylan Harper,1057262518,SAS,OKC,False,21713534,pts,4.5,4.5,stat_grid:pmf_sim_v1+role_aware_pmf_cal_v1:rotation+monotone_pit_cdf_v1,phase8_role_aware_pmf_cal_v1+monotone_inactive_global_v1,role_aware_pmf_cal_v1,rotation,derived_from_projected_minutes,22.0703,21.7952,0.05,12.1732,12.1732,12,10,0.017,0.983,0.9516,0.9269,0.9047,0.8775,0.8474,0.8122,0.7629,0.7051,0.6474,0.5775,0.5159,0.4462,0.3942,0.3441,0.2899,0.2412,0.1994,0.1662,0.1315,0.8775,-716.0,716.0,morning,2026-05-30T22:47:50Z,6233da92#phase10c,30c4e23e-47a2-4ac0-bf0b-c3c6422ca067,ok,0.0,high,full,current_phase8,fallback_used,projected,derived_from_projected_minutes,bdl_plus_nba_official,2026-05-30T22:46:57Z,projected,not_available_yet,bdl_lineup_freshness_manifest,2026-05-30T21:12:58Z,model_grid
Dylan Harper,1057262518,SAS,OKC,False,21713534,pts,5.5,5.5,stat_grid:pmf_sim_v1+role_aware_pmf_cal_v1:rotation+monotone_pit_cdf_v1,phase8_role_aware_pmf_cal_v1+monotone_inactive_global_v1,role_aware_pmf_cal_v1,rotation,derived_from_projected_minutes,22.0703,21.7952,0.05,12.1732,12.1732,12,10,0.017,0.983,0.9516,0.9269,0.9047,0.8775,0.8474,0.8122,0.7629,0.7051,0.6474,0.5775,0.5159,0.4462,0.3942,0.3441,0.2899,0.2412,0.1994,0.1662,0.1315,0.8474,-555.0,555.0,morning,2026-05-30T22:47:50Z,6233da92#phase10c,30c4e23e-47a2-4ac0-bf0b-c3c6422ca067,ok,0.0,high,full,current_phase8,fallback_used,projected,derived_from_projected_minutes,bdl_plus_nba_official,2026-05-30T22:46:57Z,projected,not_available_yet,bdl_lineup_freshness_manifest,2026-05-30T21:12:58Z,model_grid
Dylan Harper,1057262518,SAS,OKC,False,21713534,pts,6.5,6.5,stat_grid:pmf_sim_v1+role_aware_pmf_cal_v1:rotation+monotone_pit_cdf_v1,phase8_role_aware_pmf_cal_v1+monotone_inactive_global_v1,role_aware_pmf_cal_v1,rotation,derived_from_projected_minutes,22.0703,21.7952,0.05,12.1732,12.1732,12,10,0.017,0.983,0.9516,0.9269,0.9047,0.8775,0.8474,0.8122,0.7629,0.7051,0.6474,0.5775,0.5159,0.4462,0.3942,0.3441,0.2899,0.2412,0.1994,0.1662,0.1315,0.8122,-433.0,433.0,morning,2026-05-30T22:47:50Z,6233da92#phase10c,30c4e23e-47a2-4ac0-bf0b-c3c6422ca067,ok,0.0,high,full,current_phase8,fallback_used,projected,derived_from_projected_minutes,bdl_plus_nba_official,2026-05-30T22:46:57Z,projected,not_available_yet,bdl_lineup_freshness_manifest,2026-05-30T21:12:58Z,model_grid
Dylan Harper,1057262518,SAS,OKC,False,21713534,pts,7.5,7.5,stat_grid:pmf_sim_v1+role_aware_pmf_cal_v1:rotation+monotone_pit_cdf_v1,phase8_role_aware_pmf_cal_v1+monotone_inactive_global_v1,role_aware_pmf_cal_v1,rotation,derived_from_projected_minutes,22.0703,21.7952,0.05,12.1732,12.1732,12,10,0.017,0.983,0.9516,0.9269,0.9047,0.8775,0.8474,0.8122,0.7629,0.7051,0.6474,0.5775,0.5159,0.4462,0.3942,0.3441,0.2899,0.2412,0.1994,0.1662,0.1315,0.7629,-322.0,322.0,morning,2026-05-30T22:47:50Z,6233da92#phase10c,30c4e23e-47a2-4ac0-bf0b-c3c6422ca067,ok,0.0,high,full,current_phase8,fallback_used,projected,derived_from_projected_minutes,bdl_plus_nba_official,2026-05-30T22:46:57Z,projected,not_available_yet,bdl_lineup_freshness_manifest,2026-05-30T21:12:58Z,model_grid
Dylan Harper,1057262518,SAS,OKC,False,21713534,pts,8.5,8.5,stat_grid:pmf_sim_v1+role_aware_pmf_cal_v1:rotation+monotone_pit_cdf_v1,phase8_role_aware_pmf_cal_v1+monotone_inactive_global_v1,role_aware_pmf_cal_v1,rotation,derived_from_projected_minutes,22.0703,21.7952,0.05,12.1732,12.1732,12,10,0.017,0.983,0.9516,0.9269,0.9047,0.8775,0.8474,0.8122,0.7629,0.7051,0.6474,0.5775,0.5159,0.4462,0.3942,0.3441,0.2899,0.2412,0.1994,0.1662,0.1315,0.7051,-239.0,239.0,morning,2026-05-30T22:47:50Z,6233da92#phase10c,30c4e23e-47a2-4ac0-bf0b-c3c6422ca067,ok,0.0,high,full,current_phase8,fallback_used,projected,derived_from_projected_minutes,bdl_plus_nba_official,2026-05-30T22:46:57Z,projected,not_available_yet,bdl_lineup_freshness_manifest,2026-05-30T21:12:58Z,model_grid
Dylan Harper,1057262518,SAS,OKC,False,21713534,pts,9.5,9.5,stat_grid:pmf_sim_v1+role_aware_pmf_cal_v1:rotation+monotone_pit_cdf_v1,phase8_role_aware_pmf_cal_v1+monotone_inactive_global_v1,role_aware_pmf_cal_v1,rotation,derived_from_projected_minutes,22.0703,21.7952,0.05,12.1732,12.1732,12,10,0.017,0.983,0.9516,0.9269,0.9047,0.8775,0.8474,0.8122,0.7629,0.7051,0.6474,0.5775,0.5159,0.4462,0.3942,0.3441,0.2899,0.2412,0.1994,0.1662,0.1315,0.6474,-184.0,184.0,morning,2026-05-30T22:47:50Z,6233da92#phase10c,30c4e23e-47a2-4ac0-bf0b-c3c6422ca067,ok,0.0,high,full,current_phase8,fallback_used,projected,derived_from_projected_minutes,bdl_plus_nba_official,2026-05-30T22:46:57Z,projected,not_available_yet,bdl_lineup_freshness_manifest,2026-05-30T21:12:58Z,model_grid
Dylan Harper,1057262518,SAS,OKC,False,21713534,pts,10.5,10.5,stat_grid:pmf_sim_v1+role_aware_pmf_cal_v1:rotation+monotone_pit_cdf_v1,phase8_role_aware_pmf_cal_v1+monotone_inactive_global_v1,role_aware_pmf_cal_v1,rotation,derived_from_projected_minutes,22.0703,21.7952,0.05,12.1732,12.1732,12,10,0.017,0.983,0.9516,0.9269,0.9047,0.8775,0.8474,0.8122,0.7629,0.7051,0.6474,0.5775,0.5159,0.4462,0.3942,0.3441,0.2899,0.2412,0.1994,0.1662,0.1315,0.5775,-137.0,137.0,morning,2026-05-30T22:47:50Z,6233da92#phase10c,30c4e23e-47a2-4ac0-bf0b-c3c6422ca067,ok,0.0,high,full,current_phase8,fallback_used,projected,derived_from_projected_minutes,bdl_plus_nba_official,2026-05-30T22:46:57Z,projected,not_available_yet,bdl_lineup_freshness_manifest,2026-05-30T21:12:58Z,model_grid
Dylan Harper,1057262518,SAS,OKC,False,21713534,pts,11.5,11.5,stat_grid:pmf_sim_v1+role_aware_pmf_cal_v1:rotation+monotone_pit_cdf_v1,phase8_role_aware_pmf_cal_v1+monotone_inactive_global_v1,role_aware_pmf_cal_v1,rotation,derived_from_projected_minutes,22.0703,21.7952,0.05,12.1732,12.1732,12,10,0.017,0.983,0.9516,0.9269,0.9047,0.8775,0.8474,0.8122,0.7629,0.7051,0.6474,0.5775,0.5159,0.4462,0.3942,0.3441,0.2899,0.2412,0.1994,0.1662,0.1315,0.5159,-107.0,107.0,morning,2026-05-30T22:47:50Z,6233da92#phase10c,30c4e23e-47a2-4ac0-bf0b-c3c6422ca067,ok,0.0,high,full,current_phase8,fallback_used,projected,derived_from_projected_minutes,bdl_plus_nba_official,2026-05-30T22:46:57Z,projected,not_available_yet,bdl_lineup_freshness_manifest,2026-05-30T21:12:58Z,model_grid
Dylan Harper,1057262518,SAS,OKC,False,21713534,pts,12.5,12.5,stat_grid:pmf_sim_v1+role_aware_pmf_cal_v1:rotation+monotone_pit_cdf_v1,phase8_role_aware_pmf_cal_v1+monotone_inactive_global_v1,role_aware_pmf_cal_v1,rotation,derived_from_projected_minutes,22.0703,21.7952,0.05,12.1732,12.1732,12,10,0.017,0.983,0.9516,0.9269,0.9047,0.8775,0.8474,0.8122,0.7629,0.7051,0.6474,0.5775,0.5159,0.4462,0.3942,0.3441,0.2899,0.2412,0.1994,0.1662,0.1315,0.4462,124.0,-124.0,morning,2026-05-30T22:47:50Z,6233da92#phase10c,30c4e23e-47a2-4ac0-bf0b-c3c6422ca067,ok,0.0,high,full,current_phase8,fallback_used,projected,derived_from_projected_minutes,bdl_plus_nba_official,2026-05-30T22:46:57Z,projected,not_available_yet,bdl_lineup_freshness_manifest,2026-05-30T21:12:58Z,model_grid
Dylan Harper,1057262518,SAS,OKC,False,21713534,pts,13.5,13.5,stat_grid:pmf_sim_v1+role_aware_pmf_cal_v1:rotation+monotone_pit_cdf_v1,phase8_role_aware_pmf_cal_v1+monotone_inactive_global_v1,role_aware_pmf_cal_v1,rotation,derived_from_projected_minutes,22.0703,21.7952,0.05,12.1732,12.1732,12,10,0.017,0.983,0.9516,0.9269,0.9047,0.8775,0.8474,0.8122,0.7629,0.7051,0.6474,0.5775,0.5159,0.4462,0.3942,0.3441,0.2899,0.2412,0.1994,0.1662,0.1315,0.3942,154.0,-154.0,morning,2026-05-30T22:47:50Z,6233da92#phase10c,30c4e23e-47a2-4ac0-bf0b-c3c6422ca067,ok,0.0,high,full,current_phase8,fallback_used,projected,derived_from_projected_minutes,bdl_plus_nba_official,2026-05-30T22:46:57Z,projected,not_available_yet,bdl_lineup_freshness_manifest,2026-05-30T21:12:58Z,model_grid
Dylan Harper,1057262518,SAS,OKC,False,21713534,pts,14.5,14.5,stat_grid:pmf_sim_v1+role_aware_pmf_cal_v1:rotation+monotone_pit_cdf_v1,phase8_role_aware_pmf_cal_v1+monotone_inactive_global_v1,role_aware_pmf_cal_v1,rotation,derived_from_projected_minutes,22.0703,21.7952,0.05,12.1732,12.1732,12,10,0.017,0.983,0.9516,0.9269,0.9047,0.8775,0.8474,0.8122,0.7629,0.7051,0.6474,0.5775,0.5159,0.4462,0.3942,0.3441,0.2899,0.2412,0.1994,0.1662,0.1315,0.3441,191.0,-191.0,morning,2026-05-30T22:47:50Z,6233da92#phase10c,30c4e23e-47a2-4ac0-bf0b-c3c6422ca067,ok,0.0,high,full,current_phase8,fallback_used,projected,derived_from_projected_minutes,bdl_plus_nba_official,2026-05-30T22:46:57Z,projected,not_available_yet,bdl_lineup_freshness_manifest,2026-05-30T21:12:58Z,model_grid
Dylan Harper,1057262518,SAS,OKC,False,21713534,pts,15.5,15.5,stat_grid:pmf_sim_v1+role_aware_pmf_cal_v1:rotation+monotone_pit_cdf_v1,phase8_role_aware_pmf_cal_v1+monotone_inactive_global_v1,role_aware_pmf_cal_v1,rotation,derived_from_projected_minutes,22.0703,21.7952,0.05,12.1732,12.1732,12,10,0.017,0.983,0.9516,0.9269,0.9047,0.8775,0.8474,0.8122,0.7629,0.7051,0.6474,0.5775,0.5159,0.4462,0.3942,0.3441,0.2899,0.2412,0.1994,0.1662,0.1315,0.2899,245.0,-245.0,morning,2026-05-30T22:47:50Z,6233da92#phase10c,30c4e23e-47a2-4ac0-bf0b-c3c6422ca067,ok,0.0,high,full,current_phase8,fallback_used,projected,derived_from_projected_minutes,bdl_plus_nba_official,2026-05-30T22:46:57Z,projected,not_available_yet,bdl_lineup_freshness_manifest,2026-05-30T21:12:58Z,model_grid
Dylan Harper,1057262518,SAS,OKC,False,21713534,pts,16.5,16.5,stat_grid:pmf_sim_v1+role_aware_pmf_cal_v1:rotation+monotone_pit_cdf_v1,phase8_role_aware_pmf_cal_v1+monotone_inactive_global_v1,role_aware_pmf_cal_v1,rotation,derived_from_projected_minutes,22.0703,21.7952,0.05,12.1732,12.1732,12,10,0.017,0.983,0.9516,0.9269,0.9047,0.8775,0.8474,0.8122,0.7629,0.7051,0.6474,0.5775,0.5159,0.4462,0.3942,0.3441,0.2899,0.2412,0.1994,0.1662,0.1315,0.2412,315.0,-315.0,morning,2026-05-30T22:47:50Z,6233da92#phase10c,30c4e23e-47a2-4ac0-bf0b-c3c6422ca067,ok,0.0,high,full,current_phase8,fallback_used,projected,derived_from_projected_minutes,bdl_plus_nba_official,2026-05-30T22:46:57Z,projected,not_available_yet,bdl_lineup_freshness_manifest,2026-05-30T21:12:58Z,model_grid
Dylan Harper,1057262518,SAS,OKC,False,21713534,pts,17.5,17.5,stat_grid:pmf_sim_v1+role_aware_pmf_cal_v1:rotation+monotone_pit_cdf_v1,phase8_role_aware_pmf_cal_v1+monotone_inactive_global_v1,role_aware_pmf_cal_v1,rotation,derived_from_projected_minutes,22.0703,21.7952,0.05,12.1732,12.1732,12,10,0.017,0.983,0.9516,0.9269,0.9047,0.8775,0.8474,0.8122,0.7629,0.7051,0.6474,0.5775,0.5159,0.4462,0.3942,0.3441,0.2899,0.2412,0.1994,0.1662,0.1315,0.1994,401.0,-401.0,morning,2026-05-30T22:47:50Z,6233da92#phase10c,30c4e23e-47a2-4ac0-bf0b-c3c6422ca067,ok,0.0,high,full,current_phase8,fallback_used,projected,derived_from_projected_minutes,bdl_plus_nba_official,2026-05-30T22:46:57Z,projected,not_available_yet,bdl_lineup_freshness_manifest,2026-05-30T21:12:58Z,model_grid
Dylan Harper,1057262518,SAS,OKC,False,21713534,pts,18.5,18.5,stat_grid:pmf_sim_v1+role_aware_pmf_cal_v1:rotation+monotone_pit_cdf_v1,phase8_role_aware_pmf_cal_v1+monotone_inactive_global_v1,role_aware_pmf_cal_v1,rotation,derived_from_projected_minutes,22.0703,21.7952,0.05,12.1732,12.1732,12,10,0.017,0.983,0.9516,0.9269,0.9047,0.8775,0.8474,0.8122,0.7629,0.7051,0.6474,0.5775,0.5159,0.4462,0.3942,0.3441,0.2899,0.2412,0.1994,0.1662,0.1315,0.1662,502.0,-502.0,morning,2026-05-30T22:47:50Z,6233da92#phase10c,30c4e23e-47a2-4ac0-bf0b-c3c6422ca067,ok,0.0,high,full,current_phase8,fallback_used,projected,derived_from_projected_minutes,bdl_plus_nba_official,2026-05-30T22:46:57Z,projected,not_available_yet,bdl_lineup_freshness_manifest,2026-05-30T21:12:58Z,model_grid
Dylan Harper,1057262518,SAS,OKC,False,21713534,pts,19.5,19.5,stat_grid:pmf_sim_v1+role_aware_pmf_cal_v1:rotation+monotone_pit_cdf_v1,phase8_role_aware_pmf_cal_v1+monotone_inactive_global_v1,role_aware_pmf_cal_v1,rotation,derived_from_projected_minutes,22.0703,21.7952,0.05,12.1732,12.1732,12,10,0.017,0.983,0.9516,0.9269,0.9047,0.8775,0.8474,0.8122,0.7629,0.7051,0.6474,0.5775,0.5159,0.4462,0.3942,0.3441,0.2899,0.2412,0.1994,0.1662,0.1315,0.1315,660.0,-660.0,morning,2026-05-30T22:47:50Z,6233da92#phase10c,30c4e23e-47a2-4ac0-bf0b-c3c6422ca067,ok,0.0,high,full,current_phase8,fallback_used,projected,derived_from_projected_minutes,bdl_plus_nba_official,2026-05-30T22:46:57Z,projected,not_available_yet,bdl_lineup_freshness_manifest,2026-05-30T21:12:58Z,model_grid
Dylan Harper,1057262518,SAS,OKC,False,21713534,pts,20.5,20.5,stat_grid:pmf_sim_v1+role_aware_pmf_cal_v1:rotation+monotone_pit_cdf_v1,phase8_role_aware_pmf_cal_v1+monotone_inactive_global_v1,role_aware_pmf_cal_v1,rotation,derived_from_projected_minutes,22.0703,21.7952,0.05,12.1732,12.1732,12,10,0.017,0.983,0.9516,0.9269,0.9047,0.8775,0.8474,0.8122,0.7629,0.7051,0.6474,0.5775,0.5159,0.4462,0.3942,0.3441,0.2899,0.2412,0.1994,0.1662,0.1315,0.1027,874.0,-874.0,morning,2026-05-30T22:47:50Z,6233da92#phase10c,30c4e23e-47a2-4ac0-bf0b-c3c6422ca067,ok,0.0,high,full,current_phase8,fallback_used,projected,derived_from_projected_minutes,bdl_plus_nba_official,2026-05-30T22:46:57Z,projected,not_available_yet,bdl_lineup_freshness_manifest,2026-05-30T21:12:58Z,model_grid
Dylan Harper,1057262518,SAS,OKC,False,21713534,pts,21.5,21.5,stat_grid:pmf_sim_v1+role_aware_pmf_cal_v1:rotation+monotone_pit_cdf_v1,phase8_role_aware_pmf_cal_v1+monotone_inactive_global_v1,role_aware_pmf_cal_v1,rotation,derived_from_projected_minutes,22.0703,21.7952,0.05,12.1732,12.1732,12,10,0.017,0.983,0.9516,0.9269,0.9047,0.8775,0.8474,0.8122,0.7629,0.7051,0.6474,0.5775,0.5159,0.4462,0.3942,0.3441,0.2899,0.2412,0.1994,0.1662,0.1315,0.0854,1071.0,-1071.0,morning,2026-05-30T22:47:50Z,6233da92#phase10c,30c4e23e-47a2-4ac0-bf0b-c3c6422ca067,ok,0.0,high,full,current_phase8,fallback_used,projected,derived_from_projected_minutes,bdl_plus_nba_official,2026-05-30T22:46:57Z,projected,not_available_yet,bdl_lineup_freshness_manifest,2026-05-30T21:12:58Z,model_grid
Dylan Harper,1057262518,SAS,OKC,False,21713534,pts,22.5,22.5,stat_grid:pmf_sim_v1+role_aware_pmf_cal_v1:rotation+monotone_pit_cdf_v1,phase8_role_aware_pmf_cal_v1+monotone_inactive_global_v1,role_aware_pmf_cal_v1,rotation,derived_from_projected_minutes,22.0703,21.7952,0.05,12.1732,12.1732,12,10,0.017,0.983,0.9516,0.9269,0.9047,0.8775,0.8474,0.8122,0.7629,0.7051,0.6474,0.5775,0.5159,0.4462,0.3942,0.3441,0.2899,0.2412,0.1994,0.1662,0.1315,0.0625,1499.0,-1499.0,morning,2026-05-30T22:47:50Z,6233da92#phase10c,30c4e23e-47a2-4ac0-bf0b-c3c6422ca067,ok,0.0,high,full,current_phase8,fallback_used,projected,derived_from_projected_minutes,bdl_plus_nba_official,2026-05-30T22:46:57Z,projected,not_available_yet,bdl_lineup_freshness_manifest,2026-05-30T21:12:58Z,model_grid
Dylan Harper,1057262518,SAS,OKC,False,21713534,pts,23.5,23.5,stat_grid:pmf_sim_v1+role_aware_pmf_cal_v1:rotation+monotone_pit_cdf_v1,phase8_role_aware_pmf_cal_v1+monotone_inactive_global_v1,role_aware_pmf_cal_v1,rotation,derived_from_projected_minutes,22.0703,21.7952,0.05,12.1732,12.1732,12,10,0.017,0.983,0.9516,0.9269,0.9047,0.8775,0.8474,0.8122,0.7629,0.7051,0.6474,0.5775,0.5159,0.4462,0.3942,0.3441,0.2899,0.2412,0.1994,0.1662,0.1315,0.0487,1955.0,-1955.0,morning,2026-05-30T22:47:50Z,6233da92#phase10c,30c4e23e-47a2-4ac0-bf0b-c3c6422ca067,ok,0.0,high,full,current_phase8,fallback_used,projected,derived_from_projected_minutes,bdl_plus_nba_official,2026-05-30T22:46:57Z,projected,not_available_yet,bdl_lineup_freshness_manifest,2026-05-30T21:12:58Z,model_grid
Dylan Harper,1057262518,SAS,OKC,False,21713534,pts,24.5,24.5,stat_grid:pmf_sim_v1+role_aware_pmf_cal_v1:rotation+monotone_pit_cdf_v1,phase8_role_aware_pmf_cal_v1+monotone_inactive_global_v1,role_aware_pmf_cal_v1,rotation,derived_from_projected_minutes,22.0703,21.7952,0.05,12.1732,12.1732,12,10,0.017,0.983,0.9516,0.9269,0.9047,0.8775,0.8474,0.8122,0.7629,0.7051,0.6474,0.5775,0.5159,0.4462,0.3942,0.3441,0.2899,0.2412,0.1994,0.1662,0.1315,0.0339,2852.0,-2852.0,morning,2026-05-30T22:47:50Z,6233da92#phase10c,30c4e23e-47a2-4ac0-bf0b-c3c6422ca067,ok,0.0,high,full,current_phase8,fallback_used,projected,derived_from_projected_minutes,bdl_plus_nba_official,2026-05-30T22:46:57Z,projected,not_available_yet,bdl_lineup_freshness_manifest,2026-05-30T21:12:58Z,model_grid
Dylan Harper,1057262518,SAS,OKC,False,21713534,pts,25.5,25.5,stat_grid:pmf_sim_v1+role_aware_pmf_cal_v1:rotation+monotone_pit_cdf_v1,phase8_role_aware_pmf_cal_v1+monotone_inactive_global_v1,role_aware_pmf_cal_v1,rotation,derived_from_projected_minutes,22.0703,21.7952,0.05,12.1732,12.1732,12,10,0.017,0.983,0.9516,0.9269,0.9047,0.8775,0.8474,0.8122,0.7629,0.7051,0.6474,0.5775,0.5159,0.4462,0.3942,0.3441,0.2899,0.2412,0.1994,0.1662,0.1315,0.0267,3644.0,-3644.0,morning,2026-05-30T22:47:50Z,6233da92#phase10c,30c4e23e-47a2-4ac0-bf0b-c3c6422ca067,ok,0.0,high,full,current_phase8,fallback_used,projected,derived_from_projected_minutes,bdl_plus_nba_official,2026-05-30T22:46:57Z,projected,not_available_yet,bdl_lineup_freshness_manifest,2026-05-30T21:12:58Z,model_grid
Dylan Harper,1057262518,SAS,OKC,False,21713534,pts,26.5,26.5,stat_grid:pmf_sim_v1+role_aware_pmf_cal_v1:rotation+monotone_pit_cdf_v1,phase8_role_aware_pmf_cal_v1+monotone_inactive_global_v1,role_aware_pmf_cal_v1,rotation,derived_from_projected_minutes,22.0703,21.7952,0.05,12.1732,12.1732,12,10,0.017,0.983,0.9516,0.9269,0.9047,0.8775,0.8474,0.8122,0.7629,0.7051,0.6474,0.5775,0.5159,0.4462,0.3942,0.3441,0.2899,0.2412,0.1994,0.1662,0.1315,0.0202,4859.0,-4859.0,morning,2026-05-30T22:47:50Z,6233da92#phase10c,30c4e23e-47a2-4ac0-bf0b-c3c6422ca067,ok,0.0,high,full,current_phase8,fallback_used,projected,derived_from_projected_minutes,bdl_plus_nba_official,2026-05-30T22:46:57Z,projected,not_available_yet,bdl_lineup_freshness_manifest,2026-05-30T21:12:58Z,model_grid
Dylan Harper,1057262518,SAS,OKC,False,21713534,pts,27.5,27.5,stat_grid:pmf_sim_v1+role_aware_pmf_cal_v1:rotation+monotone_pit_cdf_v1,phase8_role_aware_pmf_cal_v1+monotone_inactive_global_v1,role_aware_pmf_cal_v1,rotation,derived_from_projected_minutes,22.0703,21.7952,0.05,12.1732,12.1732,12,10,0.017,0.983,0.9516,0.9269,0.9047,0.8775,0.8474,0.8122,0.7629,0.7051,0.6474,0.5775,0.5159,0.4462,0.3942,0.3441,0.2899,0.2412,0.1994,0.1662,0.1315,0.0172,5729.0,-5729.0,morning,2026-05-30T22:47:50Z,6233da92#phase10c,30c4e23e-47a2-4ac0-bf0b-c3c6422ca067,ok,0.0,high,full,current_phase8,fallback_used,projected,derived_from_projected_minutes,bdl_plus_nba_official,2026-05-30T22:46:57Z,projected,not_available_yet,bdl_lineup_freshness_manifest,2026-05-30T21:12:58Z,model_grid
Dylan Harper,1057262518,SAS,OKC,False,21713534,pts,28.5,28.5,stat_grid:pmf_sim_v1+role_aware_pmf_cal_v1:rotation+monotone_pit_cdf_v1,phase8_role_aware_pmf_cal_v1+monotone_inactive_global_v1,role_aware_pmf_cal_v1,rotation,derived_from_projected_minutes,22.0703,21.7952,0.05,12.1732,12.1732,12,10,0.017,0.983,0.9516,0.9269,0.9047,0.8775,0.8474,0.8122,0.7629,0.7051,0.6474,0.5775,0.5159,0.4462,0.3942,0.3441,0.2899,0.2412,0.1994,0.1662,0.1315,0.0099,10029.0,-10029.0,morning,2026-05-30T22:47:50Z,6233da92#phase10c,30c4e23e-47a2-4ac0-bf0b-c3c6422ca067,ok,0.0,high,full,current_phase8,fallback_used,projected,derived_from_projected_minutes,bdl_plus_nba_official,2026-05-30T22:46:57Z,projected,not_available_yet,bdl_lineup_freshness_manifest,2026-05-30T21:12:58Z,model_grid
Dylan Harper,1057262518,SAS,OKC,False,21713534,pts,29.5,29.5,stat_grid:pmf_sim_v1+role_aware_pmf_cal_v1:rotation+monotone_pit_cdf_v1,phase8_role_aware_pmf_cal_v1+monotone_inactive_global_v1,role_aware_pmf_cal_v1,rotation,derived_from_projected_minutes,22.0703,21.7952,0.05,12.1732,12.1732,12,10,0.017,0.983,0.9516,0.9269,0.9047,0.8775,0.8474,0.8122,0.7629,0.7051,0.6474,0.5775,0.5159,0.4462,0.3942,0.3441,0.2899,0.2412,0.1994,0.1662,0.1315,0.0059,16918.0,-16918.0,morning,2026-05-30T22:47:50Z,6233da92#phase10c,30c4e23e-47a2-4ac0-bf0b-c3c6422ca067,ok,0.0,high,full,current_phase8,fallback_used,projected,derived_from_projected_minutes,bdl_plus_nba_official,2026-05-30T22:46:57Z,projected,not_available_yet,bdl_lineup_freshness_manifest,2026-05-30T21:12:58Z,model_grid
Dylan Harper,1057262518,SAS,OKC,False,21713534,pts,30.5,30.5,stat_grid:pmf_sim_v1+role_aware_pmf_cal_v1:rotation+monotone_pit_cdf_v1,phase8_role_aware_pmf_cal_v1+monotone_inactive_global_v1,role_aware_pmf_cal_v1,rotation,derived_from_projected_minutes,22.0703,21.7952,0.05,12.1732,12.1732,12,10,0.017,0.983,0.9516,0.9269,0.9047,0.8775,0.8474,0.8122,0.7629,0.7051,0.6474,0.5775,0.5159,0.4462,0.3942,0.3441,0.2899,0.2412,0.1994,0.1662,0.1315,0.0043,23057.0,-23057.0,morning,2026-05-30T22:47:50Z,6233da92#phase10c,30c4e23e-47a2-4ac0-bf0b-c3c6422ca067,ok,0.0,high,full,current_phase8,fallback_used,projected,derived_from_projected_minutes,bdl_plus_nba_official,2026-05-30T22:46:57Z,projected,not_available_yet,bdl_lineup_freshness_manifest,2026-05-30T21:12:58Z,model_grid
Dylan Harper,1057262518,SAS,OKC,False,21713534,pts,31.5,31.5,stat_grid:pmf_sim_v1+role_aware_pmf_cal_v1:rotation+monotone_pit_cdf_v1,phase8_role_aware_pmf_cal_v1+monotone_inactive_global_v1,role_aware_pmf_cal_v1,rotation,derived_from_projected_minutes,22.0703,21.7952,0.05,12.1732,12.1732,12,10,0.017,0.983,0.9516,0.9269,0.9047,0.8775,0.8474,0.8122,0.7629,0.7051,0.6474,0.5775,0.5159,0.4462,0.3942,0.3441,0.2899,0.2412,0.1994,0.1662,0.1315,0.0036,27776.0,-27776.0,morning,2026-05-30T22:47:50Z,6233da92#phase10c,30c4e23e-47a2-4ac0-bf0b-c3c6422ca067,ok,0.0,high,full,current_phase8,fallback_used,projected,derived_from_projected_minutes,bdl_plus_nba_official,2026-05-30T22:46:57Z,projected,not_available_yet,bdl_lineup_freshness_manifest,2026-05-30T21:12:58Z,model_grid
Dylan Harper,1057262518,SAS,OKC,False,21713534,pts,32.5,32.5,stat_grid:pmf_sim_v1+role_aware_pmf_cal_v1:rotation+monotone_pit_cdf_v1,phase8_role_aware_pmf_cal_v1+monotone_inactive_global_v1,role_aware_pmf_cal_v1,rotation,derived_from_projected_minutes,22.0703,21.7952,0.05,12.1732,12.1732,12,10,0.017,0.983,0.9516,0.9269,0.9047,0.8775,0.8474,0.8122,0.7629,0.7051,0.6474,0.5775,0.5159,0.4462,0.3942,0.3441,0.2899,0.2412,0.1994,0.1662,0.1315,0.0032,31050.0,-31050.0,morning,2026-05-30T22:47:50Z,6233da92#phase10c,30c4e23e-47a2-4ac0-bf0b-c3c6422ca067,ok,0.0,high,full,current_phase8,fallback_used,projected,derived_from_projected_minutes,bdl_plus_nba_official,2026-05-30T22:46:57Z,projected,not_available_yet,bdl_lineup_freshness_manifest,2026-05-30T21:12:58Z,model_grid
Dylan Harper,1057262518,SAS,OKC,False,21713534,pts,33.5,33.5,stat_grid:pmf_sim_v1+role_aware_pmf_cal_v1:rotation+monotone_pit_cdf_v1,phase8_role_aware_pmf_cal_v1+monotone_inactive_global_v1,role_aware_pmf_cal_v1,rotation,derived_from_projected_minutes,22.0703,21.7952,0.05,12.1732,12.1732,12,10,0.017,0.983,0.9516,0.9269,0.9047,0.8775,0.8474,0.8122,0.7629,0.7051,0.6474,0.5775,0.5159,0.4462,0.3942,0.3441,0.2899,0.2412,0.1994,0.1662,0.1315,0.0029,34091.0,-34091.0,morning,2026-05-30T22:47:50Z,6233da92#phase10c,30c4e23e-47a2-4ac0-bf0b-c3c6422ca067,ok,0.0,high,full,current_phase8,fallback_used,projected,derived_from_projected_minutes,bdl_plus_nba_official,2026-05-30T22:46:57Z,projected,not_available_yet,bdl_lineup_freshness_manifest,2026-05-30T21:12:58Z,model_grid
Dylan Harper,1057262518,SAS,OKC,False,21713534,pts,34.5,34.5,stat_grid:pmf_sim_v1+role_aware_pmf_cal_v1:rotation+monotone_pit_cdf_v1,phase8_role_aware_pmf_cal_v1+monotone_inactive_global_v1,role_aware_pmf_cal_v1,rotation,derived_from_projected_minutes,22.0703,21.7952,0.05,12.1732,12.1732,12,10,0.017,0.983,0.9516,0.9269,0.9047,0.8775,0.8474,0.8122,0.7629,0.7051,0.6474,0.5775,0.5159,0.4462,0.3942,0.3441,0.2899,0.2412,0.1994,0.1662,0.1315,0.0024,41550.0,-41550.0,morning,2026-05-30T22:47:50Z,6233da92#phase10c,30c4e23e-47a2-4ac0-bf0b-c3c6422ca067,ok,0.0,high,full,current_phase8,fallback_used,projected,derived_from_projected_minutes,bdl_plus_nba_official,2026-05-30T22:46:57Z,projected,not_available_yet,bdl_lineup_freshness_manifest,2026-05-30T21:12:58Z,model_grid
Dylan Harper,1057262518,SAS,OKC,False,21713534,pts,35.5,35.5,stat_grid:pmf_sim_v1+role_aware_pmf_cal_v1:rotation+monotone_pit_cdf_v1,phase8_role_aware_pmf_cal_v1+monotone_inactive_global_v1,role_aware_pmf_cal_v1,rotation,derived_from_projected_minutes,22.0703,21.7952,0.05,12.1732,12.1732,12,10,0.017,0.983,0.9516,0.9269,0.9047,0.8775,0.8474,0.8122,0.7629,0.7051,0.6474,0.5775,0.5159,0.4462,0.3942,0.3441,0.2899,0.2412,0.1994,0.1662,0.1315,0.0021,46662.0,-46662.0,morning,2026-05-30T22:47:50Z,6233da92#phase10c,30c4e23e-47a2-4ac0-bf0b-c3c6422ca067,ok,0.0,high,full,current_phase8,fallback_used,projected,derived_from_projected_minutes,bdl_plus_nba_official,2026-05-30T22:46:57Z,projected,not_available_yet,bdl_lineup_freshness_manifest,2026-05-30T21:12:58Z,model_grid
Dylan Harper,1057262518,SAS,OKC,False,21713534,pts,36.5,36.5,stat_grid:pmf_sim_v1+role_aware_pmf_cal_v1:rotation+monotone_pit_cdf_v1,phase8_role_aware_pmf_cal_v1+monotone_inactive_global_v1,role_aware_pmf_cal_v1,rotation,derived_from_projected_minutes,22.0703,21.7952,0.05,12.1732,12.1732,12,10,0.017,0.983,0.9516,0.9269,0.9047,0.8775,0.8474,0.8122,0.7629,0.7051,0.6474,0.5775,0.5159,0.4462,0.3942,0.3441,0.2899,0.2412,0.1994,0.1662,0.1315,0.0021,47683.0,-47683.0,morning,2026-05-30T22:47:50Z,6233da92#phase10c,30c4e23e-47a2-4ac0-bf0b-c3c6422ca067,ok,0.0,high,full,current_phase8,fallback_used,projected,derived_from_projected_minutes,bdl_plus_nba_official,2026-05-30T22:46:57Z,projected,not_available_yet,bdl_lineup_freshness_manifest,2026-05-30T21:12:58Z,model_grid
Dylan Harper,1057262518,SAS,OKC,False,21713534,pts,37.5,37.5,stat_grid:pmf_sim_v1+role_aware_pmf_cal_v1:rotation+monotone_pit_cdf_v1,phase8_role_aware_pmf_cal_v1+monotone_inactive_global_v1,role_aware_pmf_cal_v1,rotation,derived_from_projected_minutes,22.0703,21.7952,0.05,12.1732,12.1732,12,10,0.017,0.983,0.9516,0.9269,0.9047,0.8775,0.8474,0.8122,0.7629,0.7051,0.6474,0.5775,0.5159,0.4462,0.3942,0.3441,0.2899,0.2412,0.1994,0.1662,0.1315,0.002,49076.0,-49076.0,morning,2026-05-30T22:47:50Z,6233da92#phase10c,30c4e23e-47a2-4ac0-bf0b-c3c6422ca067,ok,0.0,high,full,current_phase8,fallback_used,projected,derived_from_projected_minutes,bdl_plus_nba_official,2026-05-30T22:46:57Z,projected,not_available_yet,bdl_lineup_freshness_manifest,2026-05-30T21:12:58Z,model_grid
Dylan Harper,1057262518,SAS,OKC,False,21713534,pts,38.5,38.5,stat_grid:pmf_sim_v1+role_aware_pmf_cal_v1:rotation+monotone_pit_cdf_v1,phase8_role_aware_pmf_cal_v1+monotone_inactive_global_v1,role_aware_pmf_cal_v1,rotation,derived_from_projected_minutes,22.0703,21.7952,0.05,12.1732,12.1732,12,10,0.017,0.983,0.9516,0.9269,0.9047,0.8775,0.8474,0.8122,0.7629,0.7051,0.6474,0.5775,0.5159,0.4462,0.3942,0.3441,0.2899,0.2412,0.1994,0.1662,0.1315,0.002,50716.0,-50716.0,morning,2026-05-30T22:47:50Z,6233da92#phase10c,30c4e23e-47a2-4ac0-bf0b-c3c6422ca067,ok,0.0,high,full,current_phase8,fallback_used,projected,derived_from_projected_minutes,bdl_plus_nba_official,2026-05-30T22:46:57Z,projected,not_available_yet,bdl_lineup_freshness_manifest,2026-05-30T21:12:58Z,model_grid
Dylan Harper,1057262518,SAS,OKC,False,21713534,pts,39.5,39.5,stat_grid:pmf_sim_v1+role_aware_pmf_cal_v1:rotation+monotone_pit_cdf_v1,phase8_role_aware_pmf_cal_v1+monotone_inactive_global_v1,role_aware_pmf_cal_v1,rotation,derived_from_projected_minutes,22.0703,21.7952,0.05,12.1732,12.1732,12,10,0.017,0.983,0.9516,0.9269,0.9047,0.8775,0.8474,0.8122,0.7629,0.7051,0.6474,0.5775,0.5159,0.4462,0.3942,0.3441,0.2899,0.2412,0.1994,0.1662,0.1315,0.0019,51342.0,-51342.0,morning,2026-05-30T22:47:50Z,6233da92#phase10c,30c4e23e-47a2-4ac0-bf0b-c3c6422ca067,ok,0.0,high,full,current_phase8,fallback_used,projected,derived_from_projected_minutes,bdl_plus_nba_official,2026-05-30T22:46:57Z,projected,not_available_yet,bdl_lineup_freshness_manifest,2026-05-30T21:12:58Z,model_grid
Dylan Harper,1057262518,SAS,OKC,False,21713534,pts,40.5,40.5,stat_grid:pmf_sim_v1+role_aware_pmf_cal_v1:rotation+monotone_pit_cdf_v1,phase8_role_aware_pmf_cal_v1+monotone_inactive_global_v1,role_aware_pmf_cal_v1,rotation,derived_from_projected_minutes,22.0703,21.7952,0.05,12.1732,12.1732,12,10,0.017,0.983,0.9516,0.9269,0.9047,0.8775,0.8474,0.8122,0.7629,0.7051,0.6474,0.5775,0.5159,0.4462,0.3942,0.3441,0.2899,0.2412,0.1994,0.1662,0.1315,0.0019,51611.0,-51611.0,morning,2026-05-30T22:47:50Z,6233da92#phase10c,30c4e23e-47a2-4ac0-bf0b-c3c6422ca067,ok,0.0,high,full,current_phase8,fallback_used,projected,derived_from_projected_minutes,bdl_plus_nba_official,2026-05-30T22:46:57Z,projected,not_available_yet,bdl_lineup_freshness_manifest,2026-05-30T21:12:58Z,model_grid
Dylan Harper,1057262518,SAS,OKC,False,21713534,pts,41.5,41.5,stat_grid:pmf_sim_v1+role_aware_pmf_cal_v1:rotation+monotone_pit_cdf_v1,phase8_role_aware_pmf_cal_v1+monotone_inactive_global_v1,role_aware_pmf_cal_v1,rotation,derived_from_projected_minutes,22.0703,21.7952,0.05,12.1732,12.1732,12,10,0.017,0.983,0.9516,0.9269,0.9047,0.8775,0.8474,0.8122,0.7629,0.7051,0.6474,0.5775,0.5159,0.4462,0.3942,0.3441,0.2899,0.2412,0.1994,0.1662,0.1315,0.0019,52095.0,-52095.0,morning,2026-05-30T22:47:50Z,6233da92#phase10c,30c4e23e-47a2-4ac0-bf0b-c3c6422ca067,ok,0.0,high,full,current_phase8,fallback_used,projected,derived_from_projected_minutes,bdl_plus_nba_official,2026-05-30T22:46:57Z,projected,not_available_yet,bdl_lineup_freshness_manifest,2026-05-30T21:12:58Z,model_grid
Dylan Harper,1057262518,SAS,OKC,False,21713534,pts,42.5,42.5,stat_grid:pmf_sim_v1+role_aware_pmf_cal_v1:rotation+monotone_pit_cdf_v1,phase8_role_aware_pmf_cal_v1+monotone_inactive_global_v1,role_aware_pmf_cal_v1,rotation,derived_from_projected_minutes,22.0703,21.7952,0.05,12.1732,12.1732,12,10,0.017,0.983,0.9516,0.9269,0.9047,0.8775,0.8474,0.8122,0.7629,0.7051,0.6474,0.5775,0.5159,0.4462,0.3942,0.3441,0.2899,0.2412,0.1994,0.1662,0.1315,0.0015,65005.0,-65005.0,morning,2026-05-30T22:47:50Z,6233da92#phase10c,30c4e23e-47a2-4ac0-bf0b-c3c6422ca067,ok,0.0,high,full,current_phase8,fallback_used,projected,derived_from_projected_minutes,bdl_plus_nba_official,2026-05-30T22:46:57Z,projected,not_available_yet,bdl_lineup_freshness_manifest,2026-05-30T21:12:58Z,model_grid
Dylan Harper,1057262518,SAS,OKC,False,21713534,pts,43.5,43.5,stat_grid:pmf_sim_v1+role_aware_pmf_cal_v1:rotation+monotone_pit_cdf_v1,phase8_role_aware_pmf_cal_v1+monotone_inactive_global_v1,role_aware_pmf_cal_v1,rotation,derived_from_projected_minutes,22.0703,21.7952,0.05,12.1732,12.1732,12,10,0.017,0.983,0.9516,0.9269,0.9047,0.8775,0.8474,0.8122,0.7629,0.7051,0.6474,0.5775,0.5159,0.4462,0.3942,0.3441,0.2899,0.2412,0.1994,0.1662,0.1315,0.0014,70367.0,-70367.0,morning,2026-05-30T22:47:50Z,6233da92#phase10c,30c4e23e-47a2-4ac0-bf0b-c3c6422ca067,ok,0.0,high,full,current_phase8,fallback_used,projected,derived_from_projected_minutes,bdl_plus_nba_official,2026-05-30T22:46:57Z,projected,not_available_yet,bdl_lineup_freshness_manifest,2026-05-30T21:12:58Z,model_grid
Dylan Harper,1057262518,SAS,OKC,False,21713534,pts,44.5,44.5,stat_grid:pmf_sim_v1+role_aware_pmf_cal_v1:rotation+monotone_pit_cdf_v1,phase8_role_aware_pmf_cal_v1+monotone_inactive_global_v1,role_aware_pmf_cal_v1,rotation,derived_from_projected_minutes,22.0703,21.7952,0.05,12.1732,12.1732,12,10,0.017,0.983,0.9516,0.9269,0.9047,0.8775,0.8474,0.8122,0.7629,0.7051,0.6474,0.5775,0.5159,0.4462,0.3942,0.3441,0.2899,0.2412,0.1994,0.1662,0.1315,0.0011,90960.0,-90960.0,morning,2026-05-30T22:47:50Z,6233da92#phase10c,30c4e23e-47a2-4ac0-bf0b-c3c6422ca067,ok,0.0,high,full,current_phase8,fallback_used,projected,derived_from_projected_minutes,bdl_plus_nba_official,2026-05-30T22:46:57Z,projected,not_available_yet,bdl_lineup_freshness_manifest,2026-05-30T21:12:58Z,model_grid
Dylan Harper,1057262518,SAS,OKC,False,21713534,pts,45.5,45.5,stat_grid:pmf_sim_v1+role_aware_pmf_cal_v1:rotation+monotone_pit_cdf_v1,phase8_role_aware_pmf_cal_v1+monotone_inactive_global_v1,role_aware_pmf_cal_v1,rotation,derived_from_projected_minutes,22.0703,21.7952,0.05,12.1732,12.1732,12,10,0.017,0.983,0.9516,0.9269,0.9047,0.8775,0.8474,0.8122,0.7629,0.7051,0.6474,0.5775,0.5159,0.4462,0.3942,0.3441,0.2899,0.2412,0.1994,0.1662,0.1315,0.0005,215102.0,-215102.0,morning,2026-05-30T22:47:50Z,6233da92#phase10c,30c4e23e-47a2-4ac0-bf0b-c3c6422ca067,ok,0.0,high,full,current_phase8,fallback_used,projected,derived_from_projected_minutes,bdl_plus_nba_official,2026-05-30T22:46:57Z,projected,not_available_yet,bdl_lineup_freshness_manifest,2026-05-30T21:12:58Z,model_grid
Dylan Harper,1057262518,SAS,OKC,False,21713534,pts,46.5,46.5,stat_grid:pmf_sim_v1+role_aware_pmf_cal_v1:rotation+monotone_pit_cdf_v1,phase8_role_aware_pmf_cal_v1+monotone_inactive_global_v1,role_aware_pmf_cal_v1,rotation,derived_from_projected_minutes,22.0703,21.7952,0.05,12.1732,12.1732,12,10,0.017,0.983,0.9516,0.9269,0.9047,0.8775,0.8474,0.8122,0.7629,0.7051,0.6474,0.5775,0.5159,0.4462,0.3942,0.3441,0.2899,0.2412,0.1994,0.1662,0.1315,0.0002,439368.0,-439368.0,morning,2026-05-30T22:47:50Z,6233da92#phase10c,30c4e23e-47a2-4ac0-bf0b-c3c6422ca067,ok,0.0,high,full,current_phase8,fallback_used,projected,derived_from_projected_minutes,bdl_plus_nba_official,2026-05-30T22:46:57Z,projected,not_available_yet,bdl_lineup_freshness_manifest,2026-05-30T21:12:58Z,model_grid
Dylan Harper,1057262518,SAS,OKC,False,21713534,pts,47.5,47.5,stat_grid:pmf_sim_v1+role_aware_pmf_cal_v1:rotation+monotone_pit_cdf_v1,phase8_role_aware_pmf_cal_v1+monotone_inactive_global_v1,role_aware_pmf_cal_v1,rotation,derived_from_projected_minutes,22.0703,21.7952,0.05,12.1732,12.1732,12,10,0.017,0.983,0.9516,0.9269,0.9047,0.8775,0.8474,0.8122,0.7629,0.7051,0.6474,0.5775,0.5159,0.4462,0.3942,0.3441,0.2899,0.2412,0.1994,0.1662,0.1315,0.0001,897863.0,-897863.0,morning,2026-05-30T22:47:50Z,6233da92#phase10c,30c4e23e-47a2-4ac0-bf0b-c3c6422ca067,ok,0.0,high,full,current_phase8,fallback_used,projected,derived_from_projected_minutes,bdl_plus_nba_official,2026-05-30T22:46:57Z,projected,not_available_yet,bdl_lineup_freshness_manifest,2026-05-30T21:12:58Z,model_grid
Dylan Harper,1057262518,SAS,OKC,False,21713534,pts,48.5,48.5,stat_grid:pmf_sim_v1+role_aware_pmf_cal_v1:rotation+monotone_pit_cdf_v1,phase8_role_aware_pmf_cal_v1+monotone_inactive_global_v1,role_aware_pmf_cal_v1,rotation,derived_from_projected_minutes,22.0703,21.7952,0.05,12.1732,12.1732,12,10,0.017,0.983,0.9516,0.9269,0.9047,0.8775,0.8474,0.8122,0.7629,0.7051,0.6474,0.5775,0.5159,0.4462,0.3942,0.3441,0.2899,0.2412,0.1994,0.1662,0.1315,0.0001,897863.0,-897863.0,morning,2026-05-30T22:47:50Z,6233da92#phase10c,30c4e23e-47a2-4ac0-bf0b-c3c6422ca067,ok,0.0,high,full,current_phase8,fallback_used,projected,derived_from_projected_minutes,bdl_plus_nba_official,2026-05-30T22:46:57Z,projected,not_available_yet,bdl_lineup_freshness_manifest,2026-05-30T21:12:58Z,model_grid
Dylan Harper,1057262518,SAS,OKC,False,21713534,pts,49.5,49.5,stat_grid:pmf_sim_v1+role_aware_pmf_cal_v1:rotation+monotone_pit_cdf_v1,phase8_role_aware_pmf_cal_v1+monotone_inactive_global_v1,role_aware_pmf_cal_v1,rotation,derived_from_projected_minutes,22.0703,21.7952,0.05,12.1732,12.1732,12,10,0.017,0.983,0.9516,0.9269,0.9047,0.8775,0.8474,0.8122,0.7629,0.7051,0.6474,0.5775,0.5159,0.4462,0.3942,0.3441,0.2899,0.2412,0.1994,0.1662,0.1315,0.0,,,morning,2026-05-30T22:47:50Z,6233da92#phase10c,30c4e23e-47a2-4ac0-bf0b-c3c6422ca067,ok,0.0,high,full,current_phase8,fallback_used,projected,derived_from_projected_minutes,bdl_plus_nba_official,2026-05-30T22:46:57Z,projected,not_available_yet,bdl_lineup_freshness_manifest,2026-05-30T21:12:58Z,model_grid
Dylan Harper,1057262518,SAS,OKC,False,21713534,pts,50.5,50.5,stat_grid:pmf_sim_v1+role_aware_pmf_cal_v1:rotation+monotone_pit_cdf_v1,phase8_role_aware_pmf_cal_v1+monotone_inactive_global_v1,role_aware_pmf_cal_v1,rotation,derived_from_projected_minutes,22.0703,21.7952,0.05,12.1732,12.1732,12,10,0.017,0.983,0.9516,0.9269,0.9047,0.8775,0.8474,0.8122,0.7629,0.7051,0.6474,0.5775,0.5159,0.4462,0.3942,0.3441,0.2899,0.2412,0.1994,0.1662,0.1315,0.0,,,morning,2026-05-30T22:47:50Z,6233da92#phase10c,30c4e23e-47a2-4ac0-bf0b-c3c6422ca067,ok,0.0,high,full,current_phase8,fallback_used,projected,derived_from_projected_minutes,bdl_plus_nba_official,2026-05-30T22:46:57Z,projected,not_available_yet,bdl_lineup_freshness_manifest,2026-05-30T21:12:58Z,model_grid
Dylan Harper,1057262518,SAS,OKC,False,21713534,pts,51.5,51.5,stat_grid:pmf_sim_v1+role_aware_pmf_cal_v1:rotation+monotone_pit_cdf_v1,phase8_role_aware_pmf_cal_v1+monotone_inactive_global_v1,role_aware_pmf_cal_v1,rotation,derived_from_projected_minutes,22.0703,21.7952,0.05,12.1732,12.1732,12,10,0.017,0.983,0.9516,0.9269,0.9047,0.8775,0.8474,0.8122,0.7629,0.7051,0.6474,0.5775,0.5159,0.4462,0.3942,0.3441,0.2899,0.2412,0.1994,0.1662,0.1315,0.0,,,morning,2026-05-30T22:47:50Z,6233da92#phase10c,30c4e23e-47a2-4ac0-bf0b-c3c6422ca067,ok,0.0,high,full,current_phase8,fallback_used,projected,derived_from_projected_minutes,bdl_plus_nba_official,2026-05-30T22:46:57Z,projected,not_available_yet,bdl_lineup_freshness_manifest,2026-05-30T21:12:58Z,model_grid
Dylan Harper,1057262518,SAS,OKC,False,21713534,pts,52.5,52.5,stat_grid:pmf_sim_v1+role_aware_pmf_cal_v1:rotation+monotone_pit_cdf_v1,phase8_role_aware_pmf_cal_v1+monotone_inactive_global_v1,role_aware_pmf_cal_v1,rotation,derived_from_projected_minutes,22.0703,21.7952,0.05,12.1732,12.1732,12,10,0.017,0.983,0.9516,0.9269,0.9047,0.8775,0.8474,0.8122,0.7629,0.7051,0.6474,0.5775,0.5159,0.4462,0.3942,0.3441,0.2899,0.2412,0.1994,0.1662,0.1315,0.0,,,morning,2026-05-30T22:47:50Z,6233da92#phase10c,30c4e23e-47a2-4ac0-bf0b-c3c6422ca067,ok,0.0,high,full,current_phase8,fallback_used,projected,derived_from_projected_minutes,bdl_plus_nba_official,2026-05-30T22:46:57Z,projected,not_available_yet,bdl_lineup_freshness_manifest,2026-05-30T21:12:58Z,model_grid
Dylan Harper,1057262518,SAS,OKC,False,21713534,pts,53.5,53.5,stat_grid:pmf_sim_v1+role_aware_pmf_cal_v1:rotation+monotone_pit_cdf_v1,phase8_role_aware_pmf_cal_v1+monotone_inactive_global_v1,role_aware_pmf_cal_v1,rotation,derived_from_projected_minutes,22.0703,21.7952,0.05,12.1732,12.1732,12,10,0.017,0.983,0.9516,0.9269,0.9047,0.8775,0.8474,0.8122,0.7629,0.7051,0.6474,0.5775,0.5159,0.4462,0.3942,0.3441,0.2899,0.2412,0.1994,0.1662,0.1315,0.0,,,morning,2026-05-30T22:47:50Z,6233da92#phase10c,30c4e23e-47a2-4ac0-bf0b-c3c6422ca067,ok,0.0,high,full,current_phase8,fallback_used,projected,derived_from_projected_minutes,bdl_plus_nba_official,2026-05-30T22:46:57Z,projected,not_available_yet,bdl_lineup_freshness_manifest,2026-05-30T21:12:58Z,model_grid
Dylan Harper,1057262518,SAS,OKC,False,21713534,pts,54.5,54.5,stat_grid:pmf_sim_v1+role_aware_pmf_cal_v1:rotation+monotone_pit_cdf_v1,phase8_role_aware_pmf_cal_v1+monotone_inactive_global_v1,role_aware_pmf_cal_v1,rotation,derived_from_projected_minutes,22.0703,21.7952,0.05,12.1732,12.1732,12,10,0.017,0.983,0.9516,0.9269,0.9047,0.8775,0.8474,0.8122,0.7629,0.7051,0.6474,0.5775,0.5159,0.4462,0.3942,0.3441,0.2899,0.2412,0.1994,0.1662,0.1315,0.0,,,morning,2026-05-30T22:47:50Z,6233da92#phase10c,30c4e23e-47a2-4ac0-bf0b-c3c6422ca067,ok,0.0,high,full,current_phase8,fallback_used,projected,derived_from_projected_minutes,bdl_plus_nba_official,2026-05-30T22:46:57Z,projected,not_available_yet,bdl_lineup_freshness_manifest,2026-05-30T21:12:58Z,model_grid
Dylan Harper,1057262518,SAS,OKC,False,21713534,pts,55.5,55.5,stat_grid:pmf_sim_v1+role_aware_pmf_cal_v1:rotation+monotone_pit_cdf_v1,phase8_role_aware_pmf_cal_v1+monotone_inactive_global_v1,role_aware_pmf_cal_v1,rotation,derived_from_projected_minutes,22.0703,21.7952,0.05,12.1732,12.1732,12,10,0.017,0.983,0.9516,0.9269,0.9047,0.8775,0.8474,0.8122,0.7629,0.7051,0.6474,0.5775,0.5159,0.4462,0.3942,0.3441,0.2899,0.2412,0.1994,0.1662,0.1315,0.0,,,morning,2026-05-30T22:47:50Z,6233da92#phase10c,30c4e23e-47a2-4ac0-bf0b-c3c6422ca067,ok,0.0,high,full,current_phase8,fallback_used,projected,derived_from_projected_minutes,bdl_plus_nba_official,2026-05-30T22:46:57Z,projected,not_available_yet,bdl_lineup_freshness_manifest,2026-05-30T21:12:58Z,model_grid
Dylan Harper,1057262518,SAS,OKC,False,21713534,pts,56.5,56.5,stat_grid:pmf_sim_v1+role_aware_pmf_cal_v1:rotation+monotone_pit_cdf_v1,phase8_role_aware_pmf_cal_v1+monotone_inactive_global_v1,role_aware_pmf_cal_v1,rotation,derived_from_projected_minutes,22.0703,21.7952,0.05,12.1732,12.1732,12,10,0.017,0.983,0.9516,0.9269,0.9047,0.8775,0.8474,0.8122,0.7629,0.7051,0.6474,0.5775,0.5159,0.4462,0.3942,0.3441,0.2899,0.2412,0.1994,0.1662,0.1315,0.0,,,morning,2026-05-30T22:47:50Z,6233da92#phase10c,30c4e23e-47a2-4ac0-bf0b-c3c6422ca067,ok,0.0,high,full,current_phase8,fallback_used,projected,derived_from_projected_minutes,bdl_plus_nba_official,2026-05-30T22:46:57Z,projected,not_available_yet,bdl_lineup_freshness_manifest,2026-05-30T21:12:58Z,model_grid
Dylan Harper,1057262518,SAS,OKC,False,21713534,pts,57.5,57.5,stat_grid:pmf_sim_v1+role_aware_pmf_cal_v1:rotation+monotone_pit_cdf_v1,phase8_role_aware_pmf_cal_v1+monotone_inactive_global_v1,role_aware_pmf_cal_v1,rotation,derived_from_projected_minutes,22.0703,21.7952,0.05,12.1732,12.1732,12,10,0.017,0.983,0.9516,0.9269,0.9047,0.8775,0.8474,0.8122,0.7629,0.7051,0.6474,0.5775,0.5159,0.4462,0.3942,0.3441,0.2899,0.2412,0.1994,0.1662,0.1315,0.0,,,morning,2026-05-30T22:47:50Z,6233da92#phase10c,30c4e23e-47a2-4ac0-bf0b-c3c6422ca067,ok,0.0,high,full,current_phase8,fallback_used,projected,derived_from_projected_minutes,bdl_plus_nba_official,2026-05-30T22:46:57Z,projected,not_available_yet,bdl_lineup_freshness_manifest,2026-05-30T21:12:58Z,model_grid
Dylan Harper,1057262518,SAS,OKC,False,21713534,pts,58.5,58.5,stat_grid:pmf_sim_v1+role_aware_pmf_cal_v1:rotation+monotone_pit_cdf_v1,phase8_role_aware_pmf_cal_v1+monotone_inactive_global_v1,role_aware_pmf_cal_v1,rotation,derived_from_projected_minutes,22.0703,21.7952,0.05,12.1732,12.1732,12,10,0.017,0.983,0.9516,0.9269,0.9047,0.8775,0.8474,0.8122,0.7629,0.7051,0.6474,0.5775,0.5159,0.4462,0.3942,0.3441,0.2899,0.2412,0.1994,0.1662,0.1315,0.0,,,morning,2026-05-30T22:47:50Z,6233da92#phase10c,30c4e23e-47a2-4ac0-bf0b-c3c6422ca067,ok,0.0,high,full,current_phase8,fallback_used,projected,derived_from_projected_minutes,bdl_plus_nba_official,2026-05-30T22:46:57Z,projected,not_available_yet,bdl_lineup_freshness_manifest,2026-05-30T21:12:58Z,model_grid
Dylan Harper,1057262518,SAS,OKC,False,21713534,pts,59.5,59.5,stat_grid:pmf_sim_v1+role_aware_pmf_cal_v1:rotation+monotone_pit_cdf_v1,phase8_role_aware_pmf_cal_v1+monotone_inactive_global_v1,role_aware_pmf_cal_v1,rotation,derived_from_projected_minutes,22.0703,21.7952,0.05,12.1732,12.1732,12,10,0.017,0.983,0.9516,0.9269,0.9047,0.8775,0.8474,0.8122,0.7629,0.7051,0.6474,0.5775,0.5159,0.4462,0.3942,0.3441,0.2899,0.2412,0.1994,0.1662,0.1315,0.0,,,morning,2026-05-30T22:47:50Z,6233da92#phase10c,30c4e23e-47a2-4ac0-bf0b-c3c6422ca067,ok,0.0,high,full,current_phase8,fallback_used,projected,derived_from_projected_minutes,bdl_plus_nba_official,2026-05-30T22:46:57Z,projected,not_available_yet,bdl_lineup_freshness_manifest,2026-05-30T21:12:58Z,model_grid
Dylan Harper,1057262518,SAS,OKC,False,21713534,reb,0.5,0.5,stat_grid:pmf_sim_v1+role_aware_pmf_cal_v1:rotation+monotone_pit_cdf_v1,phase8_role_aware_pmf_cal_v1+monotone_inactive_global_v1,role_aware_pmf_cal_v1,rotation,derived_from_projected_minutes,22.0703,21.7952,0.05,5.2612,5.2612,5,5,0.0249,0.9751,0.9523,0.8983,0.7922,0.6543,0.4576,0.2698,0.1466,0.0702,0.0287,0.0119,0.0029,0.0008,0.0003,0.0001,0.0001,0.0,0.0,0.0,0.0,0.9751,-3912.0,3912.0,morning,2026-05-30T22:47:50Z,6233da92#phase10c,30c4e23e-47a2-4ac0-bf0b-c3c6422ca067,ok,0.0,high,full,current_phase8,fallback_used,projected,derived_from_projected_minutes,bdl_plus_nba_official,2026-05-30T22:46:57Z,projected,not_available_yet,bdl_lineup_freshness_manifest,2026-05-30T21:12:58Z,model_grid
Dylan Harper,1057262518,SAS,OKC,False,21713534,reb,1.5,1.5,stat_grid:pmf_sim_v1+role_aware_pmf_cal_v1:rotation+monotone_pit_cdf_v1,phase8_role_aware_pmf_cal_v1+monotone_inactive_global_v1,role_aware_pmf_cal_v1,rotation,derived_from_projected_minutes,22.0703,21.7952,0.05,5.2612,5.2612,5,5,0.0249,0.9751,0.9523,0.8983,0.7922,0.6543,0.4576,0.2698,0.1466,0.0702,0.0287,0.0119,0.0029,0.0008,0.0003,0.0001,0.0001,0.0,0.0,0.0,0.0,0.9523,-1995.0,1995.0,morning,2026-05-30T22:47:50Z,6233da92#phase10c,30c4e23e-47a2-4ac0-bf0b-c3c6422ca067,ok,0.0,high,full,current_phase8,fallback_used,projected,derived_from_projected_minutes,bdl_plus_nba_official,2026-05-30T22:46:57Z,projected,not_available_yet,bdl_lineup_freshness_manifest,2026-05-30T21:12:58Z,model_grid
Dylan Harper,1057262518,SAS,OKC,False,21713534,reb,2.5,2.5,stat_grid:pmf_sim_v1+role_aware_pmf_cal_v1:rotation+monotone_pit_cdf_v1,phase8_role_aware_pmf_cal_v1+monotone_inactive_global_v1,role_aware_pmf_cal_v1,rotation,derived_from_projected_minutes,22.0703,21.7952,0.05,5.2612,5.2612,5,5,0.0249,0.9751,0.9523,0.8983,0.7922,0.6543,0.4576,0.2698,0.1466,0.0702,0.0287,0.0119,0.0029,0.0008,0.0003,0.0001,0.0001,0.0,0.0,0.0,0.0,0.8983,-883.0,883.0,morning,2026-05-30T22:47:50Z,6233da92#phase10c,30c4e23e-47a2-4ac0-bf0b-c3c6422ca067,ok,0.0,high,full,current_phase8,fallback_used,projected,derived_from_projected_minutes,bdl_plus_nba_official,2026-05-30T22:46:57Z,projected,not_available_yet,bdl_lineup_freshness_manifest,2026-05-30T21:12:58Z,model_grid
Dylan Harper,1057262518,SAS,OKC,False,21713534,reb,3.5,3.5,stat_grid:pmf_sim_v1+role_aware_pmf_cal_v1:rotation+monotone_pit_cdf_v1,phase8_role_aware_pmf_cal_v1+monotone_inactive_global_v1,role_aware_pmf_cal_v1,rotation,derived_from_projected_minutes,22.0703,21.7952,0.05,5.2612,5.2612,5,5,0.0249,0.9751,0.9523,0.8983,0.7922,0.6543,0.4576,0.2698,0.1466,0.0702,0.0287,0.0119,0.0029,0.0008,0.0003,0.0001,0.0001,0.0,0.0,0.0,0.0,0.7922,-381.0,381.0,morning,2026-05-30T22:47:50Z,6233da92#phase10c,30c4e23e-47a2-4ac0-bf0b-c3c6422ca067,ok,0.0,high,full,current_phase8,fallback_used,projected,derived_from_projected_minutes,bdl_plus_nba_official,2026-05-30T22:46:57Z,projected,not_available_yet,bdl_lineup_freshness_manifest,2026-05-30T21:12:58Z,model_grid
Dylan Harper,1057262518,SAS,OKC,False,21713534,reb,4.5,4.5,stat_grid:pmf_sim_v1+role_aware_pmf_cal_v1:rotation+monotone_pit_cdf_v1,phase8_role_aware_pmf_cal_v1+monotone_inactive_global_v1,role_aware_pmf_cal_v1,rotation,derived_from_projected_minutes,22.0703,21.7952,0.05,5.2612,5.2612,5,5,0.0249,0.9751,0.9523,0.8983,0.7922,0.6543,0.4576,0.2698,0.1466,0.0702,0.0287,0.0119,0.0029,0.0008,0.0003,0.0001,0.0001,0.0,0.0,0.0,0.0,0.6543,-189.0,189.0,morning,2026-05-30T22:47:50Z,6233da92#phase10c,30c4e23e-47a2-4ac0-bf0b-c3c6422ca067,ok,0.0,high,full,current_phase8,fallback_used,projected,derived_from_projected_minutes,bdl_plus_nba_official,2026-05-30T22:46:57Z,projected,not_available_yet,bdl_lineup_freshness_manifest,2026-05-30T21:12:58Z,model_grid
Dylan Harper,1057262518,SAS,OKC,False,21713534,reb,5.5,5.5,stat_grid:pmf_sim_v1+role_aware_pmf_cal_v1:rotation+monotone_pit_cdf_v1,phase8_role_aware_pmf_cal_v1+monotone_inactive_global_v1,role_aware_pmf_cal_v1,rotation,derived_from_projected_minutes,22.0703,21.7952,0.05,5.2612,5.2612,5,5,0.0249,0.9751,0.9523,0.8983,0.7922,0.6543,0.4576,0.2698,0.1466,0.0702,0.0287,0.0119,0.0029,0.0008,0.0003,0.0001,0.0001,0.0,0.0,0.0,0.0,0.4576,119.0,-119.0,morning,2026-05-30T22:47:50Z,6233da92#phase10c,30c4e23e-47a2-4ac0-bf0b-c3c6422ca067,ok,0.0,high,full,current_phase8,fallback_used,projected,derived_from_projected_minutes,bdl_plus_nba_official,2026-05-30T22:46:57Z,projected,not_available_yet,bdl_lineup_freshness_manifest,2026-05-30T21:12:58Z,model_grid
Dylan Harper,1057262518,SAS,OKC,False,21713534,reb,6.5,6.5,stat_grid:pmf_sim_v1+role_aware_pmf_cal_v1:rotation+monotone_pit_cdf_v1,phase8_role_aware_pmf_cal_v1+monotone_inactive_global_v1,role_aware_pmf_cal_v1,rotation,derived_from_projected_minutes,22.0703,21.7952,0.05,5.2612,5.2612,5,5,0.0249,0.9751,0.9523,0.8983,0.7922,0.6543,0.4576,0.2698,0.1466,0.0702,0.0287,0.0119,0.0029,0.0008,0.0003,0.0001,0.0001,0.0,0.0,0.0,0.0,0.2698,271.0,-271.0,morning,2026-05-30T22:47:50Z,6233da92#phase10c,30c4e23e-47a2-4ac0-bf0b-c3c6422ca067,ok,0.0,high,full,current_phase8,fallback_used,projected,derived_from_projected_minutes,bdl_plus_nba_official,2026-05-30T22:46:57Z,projected,not_available_yet,bdl_lineup_freshness_manifest,2026-05-30T21:12:58Z,model_grid
Dylan Harper,1057262518,SAS,OKC,False,21713534,reb,7.5,7.5,stat_grid:pmf_sim_v1+role_aware_pmf_cal_v1:rotation+monotone_pit_cdf_v1,phase8_role_aware_pmf_cal_v1+monotone_inactive_global_v1,role_aware_pmf_cal_v1,rotation,derived_from_projected_minutes,22.0703,21.7952,0.05,5.2612,5.2612,5,5,0.0249,0.9751,0.9523,0.8983,0.7922,0.6543,0.4576,0.2698,0.1466,0.0702,0.0287,0.0119,0.0029,0.0008,0.0003,0.0001,0.0001,0.0,0.0,0.0,0.0,0.1466,582.0,-582.0,morning,2026-05-30T22:47:50Z,6233da92#phase10c,30c4e23e-47a2-4ac0-bf0b-c3c6422ca067,ok,0.0,high,full,current_phase8,fallback_used,projected,derived_from_projected_minutes,bdl_plus_nba_official,2026-05-30T22:46:57Z,projected,not_available_yet,bdl_lineup_freshness_manifest,2026-05-30T21:12:58Z,model_grid
Dylan Harper,1057262518,SAS,OKC,False,21713534,reb,8.5,8.5,stat_grid:pmf_sim_v1+role_aware_pmf_cal_v1:rotation+monotone_pit_cdf_v1,phase8_role_aware_pmf_cal_v1+monotone_inactive_global_v1,role_aware_pmf_cal_v1,rotation,derived_from_projected_minutes,22.0703,21.7952,0.05,5.2612,5.2612,5,5,0.0249,0.9751,0.9523,0.8983,0.7922,0.6543,0.4576,0.2698,0.1466,0.0702,0.0287,0.0119,0.0029,0.0008,0.0003,0.0001,0.0001,0.0,0.0,0.0,0.0,0.0702,1324.0,-1324.0,morning,2026-05-30T22:47:50Z,6233da92#phase10c,30c4e23e-47a2-4ac0-bf0b-c3c6422ca067,ok,0.0,high,full,current_phase8,fallback_used,projected,derived_from_projected_minutes,bdl_plus_nba_official,2026-05-30T22:46:57Z,projected,not_available_yet,bdl_lineup_freshness_manifest,2026-05-30T21:12:58Z,model_grid
Dylan Harper,1057262518,SAS,OKC,False,21713534,reb,9.5,9.5,stat_grid:pmf_sim_v1+role_aware_pmf_cal_v1:rotation+monotone_pit_cdf_v1,phase8_role_aware_pmf_cal_v1+monotone_inactive_global_v1,role_aware_pmf_cal_v1,rotation,derived_from_projected_minutes,22.0703,21.7952,0.05,5.2612,5.2612,5,5,0.0249,0.9751,0.9523,0.8983,0.7922,0.6543,0.4576,0.2698,0.1466,0.0702,0.0287,0.0119,0.0029,0.0008,0.0003,0.0001,0.0001,0.0,0.0,0.0,0.0,0.0287,3384.0,-3384.0,morning,2026-05-30T22:47:50Z,6233da92#phase10c,30c4e23e-47a2-4ac0-bf0b-c3c6422ca067,ok,0.0,high,full,current_phase8,fallback_used,projected,derived_from_projected_minutes,bdl_plus_nba_official,2026-05-30T22:46:57Z,projected,not_available_yet,bdl_lineup_freshness_manifest,2026-05-30T21:12:58Z,model_grid
Dylan Harper,1057262518,SAS,OKC,False,21713534,reb,10.5,10.5,stat_grid:pmf_sim_v1+role_aware_pmf_cal_v1:rotation+monotone_pit_cdf_v1,phase8_role_aware_pmf_cal_v1+monotone_inactive_global_v1,role_aware_pmf_cal_v1,rotation,derived_from_projected_minutes,22.0703,21.7952,0.05,5.2612,5.2612,5,5,0.0249,0.9751,0.9523,0.8983,0.7922,0.6543,0.4576,0.2698,0.1466,0.0702,0.0287,0.0119,0.0029,0.0008,0.0003,0.0001,0.0001,0.0,0.0,0.0,0.0,0.0119,8282.0,-8282.0,morning,2026-05-30T22:47:50Z,6233da92#phase10c,30c4e23e-47a2-4ac0-bf0b-c3c6422ca067,ok,0.0,high,full,current_phase8,fallback_used,projected,derived_from_projected_minutes,bdl_plus_nba_official,2026-05-30T22:46:57Z,projected,not_available_yet,bdl_lineup_freshness_manifest,2026-05-30T21:12:58Z,model_grid
Dylan Harper,1057262518,SAS,OKC,False,21713534,reb,11.5,11.5,stat_grid:pmf_sim_v1+role_aware_pmf_cal_v1:rotation+monotone_pit_cdf_v1,phase8_role_aware_pmf_cal_v1+monotone_inactive_global_v1,role_aware_pmf_cal_v1,rotation,derived_from_projected_minutes,22.0703,21.7952,0.05,5.2612,5.2612,5,5,0.0249,0.9751,0.9523,0.8983,0.7922,0.6543,0.4576,0.2698,0.1466,0.0702,0.0287,0.0119,0.0029,0.0008,0.0003,0.0001,0.0001,0.0,0.0,0.0,0.0,0.0029,34087.0,-34087.0,morning,2026-05-30T22:47:50Z,6233da92#phase10c,30c4e23e-47a2-4ac0-bf0b-c3c6422ca067,ok,0.0,high,full,current_phase8,fallback_used,projected,derived_from_projected_minutes,bdl_plus_nba_official,2026-05-30T22:46:57Z,projected,not_available_yet,bdl_lineup_freshness_manifest,2026-05-30T21:12:58Z,model_grid
Dylan Harper,1057262518,SAS,OKC,False,21713534,reb,12.5,12.5,stat_grid:pmf_sim_v1+role_aware_pmf_cal_v1:rotation+monotone_pit_cdf_v1,phase8_role_aware_pmf_cal_v1+monotone_inactive_global_v1,role_aware_pmf_cal_v1,rotation,derived_from_projected_minutes,22.0703,21.7952,0.05,5.2612,5.2612,5,5,0.0249,0.9751,0.9523,0.8983,0.7922,0.6543,0.4576,0.2698,0.1466,0.0702,0.0287,0.0119,0.0029,0.0008,0.0003,0.0001,0.0001,0.0,0.0,0.0,0.0,0.0008,130075.0,-130075.0,morning,2026-05-30T22:47:50Z,6233da92#phase10c,30c4e23e-47a2-4ac0-bf0b-c3c6422ca067,ok,0.0,high,full,current_phase8,fallback_used,projected,derived_from_projected_minutes,bdl_plus_nba_official,2026-05-30T22:46:57Z,projected,not_available_yet,bdl_lineup_freshness_manifest,2026-05-30T21:12:58Z,model_grid
Dylan Harper,1057262518,SAS,OKC,False,21713534,reb,13.5,13.5,stat_grid:pmf_sim_v1+role_aware_pmf_cal_v1:rotation+monotone_pit_cdf_v1,phase8_role_aware_pmf_cal_v1+monotone_inactive_global_v1,role_aware_pmf_cal_v1,rotation,derived_from_projected_minutes,22.0703,21.7952,0.05,5.2612,5.2612,5,5,0.0249,0.9751,0.9523,0.8983,0.7922,0.6543,0.4576,0.2698,0.1466,0.0702,0.0287,0.0119,0.0029,0.0008,0.0003,0.0001,0.0001,0.0,0.0,0.0,0.0,0.0003,308891.0,-308891.0,morning,2026-05-30T22:47:50Z,6233da92#phase10c,30c4e23e-47a2-4ac0-bf0b-c3c6422ca067,ok,0.0,high,full,current_phase8,fallback_used,projected,derived_from_projected_minutes,bdl_plus_nba_official,2026-05-30T22:46:57Z,projected,not_available_yet,bdl_lineup_freshness_manifest,2026-05-30T21:12:58Z,model_grid
Dylan Harper,1057262518,SAS,OKC,False,21713534,reb,14.5,14.5,stat_grid:pmf_sim_v1+role_aware_pmf_cal_v1:rotation+monotone_pit_cdf_v1,phase8_role_aware_pmf_cal_v1+monotone_inactive_global_v1,role_aware_pmf_cal_v1,rotation,derived_from_projected_minutes,22.0703,21.7952,0.05,5.2612,5.2612,5,5,0.0249,0.9751,0.9523,0.8983,0.7922,0.6543,0.4576,0.2698,0.1466,0.0702,0.0287,0.0119,0.0029,0.0008,0.0003,0.0001,0.0001,0.0,0.0,0.0,0.0,0.0001,768595.0,-768595.0,morning,2026-05-30T22:47:50Z,6233da92#phase10c,30c4e23e-47a2-4ac0-bf0b-c3c6422ca067,ok,0.0,high,full,current_phase8,fallback_used,projected,derived_from_projected_minutes,bdl_plus_nba_official,2026-05-30T22:46:57Z,projected,not_available_yet,bdl_lineup_freshness_manifest,2026-05-30T21:12:58Z,model_grid
Dylan Harper,1057262518,SAS,OKC,False,21713534,reb,15.5,15.5,stat_grid:pmf_sim_v1+role_aware_pmf_cal_v1:rotation+monotone_pit_cdf_v1,phase8_role_aware_pmf_cal_v1+monotone_inactive_global_v1,role_aware_pmf_cal_v1,rotation,derived_from_projected_minutes,22.0703,21.7952,0.05,5.2612,5.2612,5,5,0.0249,0.9751,0.9523,0.8983,0.7922,0.6543,0.4576,0.2698,0.1466,0.0702,0.0287,0.0119,0.0029,0.0008,0.0003,0.0001,0.0001,0.0,0.0,0.0,0.0,0.0001,1950090.0,-1950090.0,morning,2026-05-30T22:47:50Z,6233da92#phase10c,30c4e23e-47a2-4ac0-bf0b-c3c6422ca067,ok,0.0,high,full,current_phase8,fallback_used,projected,derived_from_projected_minutes,bdl_plus_nba_official,2026-05-30T22:46:57Z,projected,not_available_yet,bdl_lineup_freshness_manifest,2026-05-30T21:12:58Z,model_grid
Dylan Harper,1057262518,SAS,OKC,False,21713534,reb,16.5,16.5,stat_grid:pmf_sim_v1+role_aware_pmf_cal_v1:rotation+monotone_pit_cdf_v1,phase8_role_aware_pmf_cal_v1+monotone_inactive_global_v1,role_aware_pmf_cal_v1,rotation,derived_from_projected_minutes,22.0703,21.7952,0.05,5.2612,5.2612,5,5,0.0249,0.9751,0.9523,0.8983,0.7922,0.6543,0.4576,0.2698,0.1466,0.0702,0.0287,0.0119,0.0029,0.0008,0.0003,0.0001,0.0001,0.0,0.0,0.0,0.0,0.0,13853042.0,-13853042.0,morning,2026-05-30T22:47:50Z,6233da92#phase10c,30c4e23e-47a2-4ac0-bf0b-c3c6422ca067,ok,0.0,high,full,current_phase8,fallback_used,projected,derived_from_projected_minutes,bdl_plus_nba_official,2026-05-30T22:46:57Z,projected,not_available_yet,bdl_lineup_freshness_manifest,2026-05-30T21:12:58Z,model_grid
Dylan Harper,1057262518,SAS,OKC,False,21713534,reb,17.5,17.5,stat_grid:pmf_sim_v1+role_aware_pmf_cal_v1:rotation+monotone_pit_cdf_v1,phase8_role_aware_pmf_cal_v1+monotone_inactive_global_v1,role_aware_pmf_cal_v1,rotation,derived_from_projected_minutes,22.0703,21.7952,0.05,5.2612,5.2612,5,5,0.0249,0.9751,0.9523,0.8983,0.7922,0.6543,0.4576,0.2698,0.1466,0.0702,0.0287,0.0119,0.0029,0.0008,0.0003,0.0001,0.0001,0.0,0.0,0.0,0.0,0.0,47874483.0,-47874483.0,morning,2026-05-30T22:47:50Z,6233da92#phase10c,30c4e23e-47a2-4ac0-bf0b-c3c6422ca067,ok,0.0,high,full,current_phase8,fallback_used,projected,derived_from_projected_minutes,bdl_plus_nba_official,2026-05-30T22:46:57Z,projected,not_available_yet,bdl_lineup_freshness_manifest,2026-05-30T21:12:58Z,model_grid
Dylan Harper,1057262518,SAS,OKC,False,21713534,reb,18.5,18.5,stat_grid:pmf_sim_v1+role_aware_pmf_cal_v1:rotation+monotone_pit_cdf_v1,phase8_role_aware_pmf_cal_v1+monotone_inactive_global_v1,role_aware_pmf_cal_v1,rotation,derived_from_projected_minutes,22.0703,21.7952,0.05,5.2612,5.2612,5,5,0.0249,0.9751,0.9523,0.8983,0.7922,0.6543,0.4576,0.2698,0.1466,0.0702,0.0287,0.0119,0.0029,0.0008,0.0003,0.0001,0.0001,0.0,0.0,0.0,0.0,0.0,130938822.0,-130938822.0,morning,2026-05-30T22:47:50Z,6233da92#phase10c,30c4e23e-47a2-4ac0-bf0b-c3c6422ca067,ok,0.0,high,full,current_phase8,fallback_used,projected,derived_from_projected_minutes,bdl_plus_nba_official,2026-05-30T22:46:57Z,projected,not_available_yet,bdl_lineup_freshness_manifest,2026-05-30T21:12:58Z,model_grid
Dylan Harper,1057262518,SAS,OKC,False,21713534,reb,19.5,19.5,stat_grid:pmf_sim_v1+role_aware_pmf_cal_v1:rotation+monotone_pit_cdf_v1,phase8_role_aware_pmf_cal_v1+monotone_inactive_global_v1,role_aware_pmf_cal_v1,rotation,derived_from_projected_minutes,22.0703,21.7952,0.05,5.2612,5.2612,5,5,0.0249,0.9751,0.9523,0.8983,0.7922,0.6543,0.4576,0.2698,0.1466,0.0702,0.0287,0.0119,0.0029,0.0008,0.0003,0.0001,0.0001,0.0,0.0,0.0,0.0,0.0,464440808.0,-464440808.0,morning,2026-05-30T22:47:50Z,6233da92#phase10c,30c4e23e-47a2-4ac0-bf0b-c3c6422ca067,ok,0.0,high,full,current_phase8,fallback_used,projected,derived_from_projected_minutes,bdl_plus_nba_official,2026-05-30T22:46:57Z,projected,not_available_yet,bdl_lineup_freshness_manifest,2026-05-30T21:12:58Z,model_grid
Dylan Harper,1057262518,SAS,OKC,False,21713534,reb,20.5,20.5,stat_grid:pmf_sim_v1+role_aware_pmf_cal_v1:rotation+monotone_pit_cdf_v1,phase8_role_aware_pmf_cal_v1+monotone_inactive_global_v1,role_aware_pmf_cal_v1,rotation,derived_from_projected_minutes,22.0703,21.7952,0.05,5.2612,5.2612,5,5,0.0249,0.9751,0.9523,0.8983,0.7922,0.6543,0.4576,0.2698,0.1466,0.0702,0.0287,0.0119,0.0029,0.0008,0.0003,0.0001,0.0001,0.0,0.0,0.0,0.0,0.0,1184051056.0,-1184051056.0,morning,2026-05-30T22:47:50Z,6233da92#phase10c,30c4e23e-47a2-4ac0-bf0b-c3c6422ca067,ok,0.0,high,full,current_phase8,fallback_used,projected,derived_from_projected_minutes,bdl_plus_nba_official,2026-05-30T22:46:57Z,projected,not_available_yet,bdl_lineup_freshness_manifest,2026-05-30T21:12:58Z,model_grid
Dylan Harper,1057262518,SAS,OKC,False,21713534,reb,21.5,21.5,stat_grid:pmf_sim_v1+role_aware_pmf_cal_v1:rotation+monotone_pit_cdf_v1,phase8_role_aware_pmf_cal_v1+monotone_inactive_global_v1,role_aware_pmf_cal_v1,rotation,derived_from_projected_minutes,22.0703,21.7952,0.05,5.2612,5.2612,5,5,0.0249,0.9751,0.9523,0.8983,0.7922,0.6543,0.4576,0.2698,0.1466,0.0702,0.0287,0.0119,0.0029,0.0008,0.0003,0.0001,0.0001,0.0,0.0,0.0,0.0,0.0,2287787275.0,-2287787273.0,morning,2026-05-30T22:47:50Z,6233da92#phase10c,30c4e23e-47a2-4ac0-bf0b-c3c6422ca067,ok,0.0,high,full,current_phase8,fallback_used,projected,derived_from_projected_minutes,bdl_plus_nba_official,2026-05-30T22:46:57Z,projected,not_available_yet,bdl_lineup_freshness_manifest,2026-05-30T21:12:58Z,model_grid
Dylan Harper,1057262518,SAS,OKC,False,21713534,ast,0.5,0.5,stat_grid:pmf_sim_v1+role_aware_pmf_cal_v1:rotation+monotone_pit_cdf_v1,phase8_role_aware_pmf_cal_v1+monotone_inactive_global_v1,role_aware_pmf_cal_v1,rotation,derived_from_projected_minutes,22.0703,21.7952,0.05,2.6001,2.6001,3,3,0.0984,0.9016,0.7234,0.5671,0.2576,0.1083,0.0323,0.0083,0.0013,0.0001,0.0001,0.0,0.0,0.0,0.0,0.0,0.0,0.0,0.0,0.0,0.0,0.9016,-916.0,916.0,morning,2026-05-30T22:47:50Z,6233da92#phase10c,30c4e23e-47a2-4ac0-bf0b-c3c6422ca067,ok,0.0,high,full,current_phase8,fallback_used,projected,derived_from_projected_minutes,bdl_plus_nba_official,2026-05-30T22:46:57Z,projected,not_available_yet,bdl_lineup_freshness_manifest,2026-05-30T21:12:58Z,model_grid
Dylan Harper,1057262518,SAS,OKC,False,21713534,ast,1.5,1.5,stat_grid:pmf_sim_v1+role_aware_pmf_cal_v1:rotation+monotone_pit_cdf_v1,phase8_role_aware_pmf_cal_v1+monotone_inactive_global_v1,role_aware_pmf_cal_v1,rotation,derived_from_projected_minutes,22.0703,21.7952,0.05,2.6001,2.6001,3,3,0.0984,0.9016,0.7234,0.5671,0.2576,0.1083,0.0323,0.0083,0.0013,0.0001,0.0001,0.0,0.0,0.0,0.0,0.0,0.0,0.0,0.0,0.0,0.0,0.7234,-262.0,262.0,morning,2026-05-30T22:47:50Z,6233da92#phase10c,30c4e23e-47a2-4ac0-bf0b-c3c6422ca067,ok,0.0,high,full,current_phase8,fallback_used,projected,derived_from_projected_minutes,bdl_plus_nba_official,2026-05-30T22:46:57Z,projected,not_available_yet,bdl_lineup_freshness_manifest,2026-05-30T21:12:58Z,model_grid
Dylan Harper,1057262518,SAS,OKC,False,21713534,ast,2.5,2.5,stat_grid:pmf_sim_v1+role_aware_pmf_cal_v1:rotation+monotone_pit_cdf_v1,phase8_role_aware_pmf_cal_v1+monotone_inactive_global_v1,role_aware_pmf_cal_v1,rotation,derived_from_projected_minutes,22.0703,21.7952,0.05,2.6001,2.6001,3,3,0.0984,0.9016,0.7234,0.5671,0.2576,0.1083,0.0323,0.0083,0.0013,0.0001,0.0001,0.0,0.0,0.0,0.0,0.0,0.0,0.0,0.0,0.0,0.0,0.5671,-131.0,131.0,morning,2026-05-30T22:47:50Z,6233da92#phase10c,30c4e23e-47a2-4ac0-bf0b-c3c6422ca067,ok,0.0,high,full,current_phase8,fallback_used,projected,derived_from_projected_minutes,bdl_plus_nba_official,2026-05-30T22:46:57Z,projected,not_available_yet,bdl_lineup_freshness_manifest,2026-05-30T21:12:58Z,model_grid
Dylan Harper,1057262518,SAS,OKC,False,21713534,ast,3.5,3.5,stat_grid:pmf_sim_v1+role_aware_pmf_cal_v1:rotation+monotone_pit_cdf_v1,phase8_role_aware_pmf_cal_v1+monotone_inactive_global_v1,role_aware_pmf_cal_v1,rotation,derived_from_projected_minutes,22.0703,21.7952,0.05,2.6001,2.6001,3,3,0.0984,0.9016,0.7234,0.5671,0.2576,0.1083,0.0323,0.0083,0.0013,0.0001,0.0001,0.0,0.0,0.0,0.0,0.0,0.0,0.0,0.0,0.0,0.0,0.2576,288.0,-288.0,morning,2026-05-30T22:47:50Z,6233da92#phase10c,30c4e23e-47a2-4ac0-bf0b-c3c6422ca067,ok,0.0,high,full,current_phase8,fallback_used,projected,derived_from_projected_minutes,bdl_plus_nba_official,2026-05-30T22:46:57Z,projected,not_available_yet,bdl_lineup_freshness_manifest,2026-05-30T21:12:58Z,model_grid
Dylan Harper,1057262518,SAS,OKC,False,21713534,ast,4.5,4.5,stat_grid:pmf_sim_v1+role_aware_pmf_cal_v1:rotation+monotone_pit_cdf_v1,phase8_role_aware_pmf_cal_v1+monotone_inactive_global_v1,role_aware_pmf_cal_v1,rotation,derived_from_projected_minutes,22.0703,21.7952,0.05,2.6001,2.6001,3,3,0.0984,0.9016,0.7234,0.5671,0.2576,0.1083,0.0323,0.0083,0.0013,0.0001,0.0001,0.0,0.0,0.0,0.0,0.0,0.0,0.0,0.0,0.0,0.0,0.1083,824.0,-824.0,morning,2026-05-30T22:47:50Z,6233da92#phase10c,30c4e23e-47a2-4ac0-bf0b-c3c6422ca067,ok,0.0,high,full,current_phase8,fallback_used,projected,derived_from_projected_minutes,bdl_plus_nba_official,2026-05-30T22:46:57Z,projected,not_available_yet,bdl_lineup_freshness_manifest,2026-05-30T21:12:58Z,model_grid
Dylan Harper,1057262518,SAS,OKC,False,21713534,ast,5.5,5.5,stat_grid:pmf_sim_v1+role_aware_pmf_cal_v1:rotation+monotone_pit_cdf_v1,phase8_role_aware_pmf_cal_v1+monotone_inactive_global_v1,role_aware_pmf_cal_v1,rotation,derived_from_projected_minutes,22.0703,21.7952,0.05,2.6001,2.6001,3,3,0.0984,0.9016,0.7234,0.5671,0.2576,0.1083,0.0323,0.0083,0.0013,0.0001,0.0001,0.0,0.0,0.0,0.0,0.0,0.0,0.0,0.0,0.0,0.0,0.0323,2993.0,-2993.0,morning,2026-05-30T22:47:50Z,6233da92#phase10c,30c4e23e-47a2-4ac0-bf0b-c3c6422ca067,ok,0.0,high,full,current_phase8,fallback_used,projected,derived_from_projected_minutes,bdl_plus_nba_official,2026-05-30T22:46:57Z,projected,not_available_yet,bdl_lineup_freshness_manifest,2026-05-30T21:12:58Z,model_grid
Dylan Harper,1057262518,SAS,OKC,False,21713534,ast,6.5,6.5,stat_grid:pmf_sim_v1+role_aware_pmf_cal_v1:rotation+monotone_pit_cdf_v1,phase8_role_aware_pmf_cal_v1+monotone_inactive_global_v1,role_aware_pmf_cal_v1,rotation,derived_from_projected_minutes,22.0703,21.7952,0.05,2.6001,2.6001,3,3,0.0984,0.9016,0.7234,0.5671,0.2576,0.1083,0.0323,0.0083,0.0013,0.0001,0.0001,0.0,0.0,0.0,0.0,0.0,0.0,0.0,0.0,0.0,0.0,0.0083,11927.0,-11927.0,morning,2026-05-30T22:47:50Z,6233da92#phase10c,30c4e23e-47a2-4ac0-bf0b-c3c6422ca067,ok,0.0,high,full,current_phase8,fallback_used,projected,derived_from_projected_minutes,bdl_plus_nba_official,2026-05-30T22:46:57Z,projected,not_available_yet,bdl_lineup_freshness_manifest,2026-05-30T21:12:58Z,model_grid
Dylan Harper,1057262518,SAS,OKC,False,21713534,ast,7.5,7.5,stat_grid:pmf_sim_v1+role_aware_pmf_cal_v1:rotation+monotone_pit_cdf_v1,phase8_role_aware_pmf_cal_v1+monotone_inactive_global_v1,role_aware_pmf_cal_v1,rotation,derived_from_projected_minutes,22.0703,21.7952,0.05,2.6001,2.6001,3,3,0.0984,0.9016,0.7234,0.5671,0.2576,0.1083,0.0323,0.0083,0.0013,0.0001,0.0001,0.0,0.0,0.0,0.0,0.0,0.0,0.0,0.0,0.0,0.0,0.0013,77019.0,-77019.0,morning,2026-05-30T22:47:50Z,6233da92#phase10c,30c4e23e-47a2-4ac0-bf0b-c3c6422ca067,ok,0.0,high,full,current_phase8,fallback_used,projected,derived_from_projected_minutes,bdl_plus_nba_official,2026-05-30T22:46:57Z,projected,not_available_yet,bdl_lineup_freshness_manifest,2026-05-30T21:12:58Z,model_grid
Dylan Harper,1057262518,SAS,OKC,False,21713534,ast,8.5,8.5,stat_grid:pmf_sim_v1+role_aware_pmf_cal_v1:rotation+monotone_pit_cdf_v1,phase8_role_aware_pmf_cal_v1+monotone_inactive_global_v1,role_aware_pmf_cal_v1,rotation,derived_from_projected_minutes,22.0703,21.7952,0.05,2.6001,2.6001,3,3,0.0984,0.9016,0.7234,0.5671,0.2576,0.1083,0.0323,0.0083,0.0013,0.0001,0.0001,0.0,0.0,0.0,0.0,0.0,0.0,0.0,0.0,0.0,0.0,0.0001,1017310.0,-1017310.0,morning,2026-05-30T22:47:50Z,6233da92#phase10c,30c4e23e-47a2-4ac0-bf0b-c3c6422ca067,ok,0.0,high,full,current_phase8,fallback_used,projected,derived_from_projected_minutes,bdl_plus_nba_official,2026-05-30T22:46:57Z,projected,not_available_yet,bdl_lineup_freshness_manifest,2026-05-30T21:12:58Z,model_grid
Dylan Harper,1057262518,SAS,OKC,False,21713534,ast,9.5,9.5,stat_grid:pmf_sim_v1+role_aware_pmf_cal_v1:rotation+monotone_pit_cdf_v1,phase8_role_aware_pmf_cal_v1+monotone_inactive_global_v1,role_aware_pmf_cal_v1,rotation,derived_from_projected_minutes,22.0703,21.7952,0.05,2.6001,2.6001,3,3,0.0984,0.9016,0.7234,0.5671,0.2576,0.1083,0.0323,0.0083,0.0013,0.0001,0.0001,0.0,0.0,0.0,0.0,0.0,0.0,0.0,0.0,0.0,0.0,0.0001,1861490.0,-1861490.0,morning,2026-05-30T22:47:50Z,6233da92#phase10c,30c4e23e-47a2-4ac0-bf0b-c3c6422ca067,ok,0.0,high,full,current_phase8,fallback_used,projected,derived_from_projected_minutes,bdl_plus_nba_official,2026-05-30T22:46:57Z,projected,not_available_yet,bdl_lineup_freshness_manifest,2026-05-30T21:12:58Z,model_grid
Dylan Harper,1057262518,SAS,OKC,False,21713534,ast,10.5,10.5,stat_grid:pmf_sim_v1+role_aware_pmf_cal_v1:rotation+monotone_pit_cdf_v1,phase8_role_aware_pmf_cal_v1+monotone_inactive_global_v1,role_aware_pmf_cal_v1,rotation,derived_from_projected_minutes,22.0703,21.7952,0.05,2.6001,2.6001,3,3,0.0984,0.9016,0.7234,0.5671,0.2576,0.1083,0.0323,0.0083,0.0013,0.0001,0.0001,0.0,0.0,0.0,0.0,0.0,0.0,0.0,0.0,0.0,0.0,0.0,6578223.0,-6578223.0,morning,2026-05-30T22:47:50Z,6233da92#phase10c,30c4e23e-47a2-4ac0-bf0b-c3c6422ca067,ok,0.0,high,full,current_phase8,fallback_used,projected,derived_from_projected_minutes,bdl_plus_nba_official,2026-05-30T22:46:57Z,projected,not_available_yet,bdl_lineup_freshness_manifest,2026-05-30T21:12:58Z,model_grid
Dylan Harper,1057262518,SAS,OKC,False,21713534,ast,11.5,11.5,stat_grid:pmf_sim_v1+role_aware_pmf_cal_v1:rotation+monotone_pit_cdf_v1,phase8_role_aware_pmf_cal_v1+monotone_inactive_global_v1,role_aware_pmf_cal_v1,rotation,derived_from_projected_minutes,22.0703,21.7952,0.05,2.6001,2.6001,3,3,0.0984,0.9016,0.7234,0.5671,0.2576,0.1083,0.0323,0.0083,0.0013,0.0001,0.0001,0.0,0.0,0.0,0.0,0.0,0.0,0.0,0.0,0.0,0.0,0.0,33836917.0,-33836917.0,morning,2026-05-30T22:47:50Z,6233da92#phase10c,30c4e23e-47a2-4ac0-bf0b-c3c6422ca067,ok,0.0,high,full,current_phase8,fallback_used,projected,derived_from_projected_minutes,bdl_plus_nba_official,2026-05-30T22:46:57Z,projected,not_available_yet,bdl_lineup_freshness_manifest,2026-05-30T21:12:58Z,model_grid
Dylan Harper,1057262518,SAS,OKC,False,21713534,ast,12.5,12.5,stat_grid:pmf_sim_v1+role_aware_pmf_cal_v1:rotation+monotone_pit_cdf_v1,phase8_role_aware_pmf_cal_v1+monotone_inactive_global_v1,role_aware_pmf_cal_v1,rotation,derived_from_projected_minutes,22.0703,21.7952,0.05,2.6001,2.6001,3,3,0.0984,0.9016,0.7234,0.5671,0.2576,0.1083,0.0323,0.0083,0.0013,0.0001,0.0001,0.0,0.0,0.0,0.0,0.0,0.0,0.0,0.0,0.0,0.0,0.0,186189796.0,-186189796.0,morning,2026-05-30T22:47:50Z,6233da92#phase10c,30c4e23e-47a2-4ac0-bf0b-c3c6422ca067,ok,0.0,high,full,current_phase8,fallback_used,projected,derived_from_projected_minutes,bdl_plus_nba_official,2026-05-30T22:46:57Z,projected,not_available_yet,bdl_lineup_freshness_manifest,2026-05-30T21:12:58Z,model_grid
Dylan Harper,1057262518,SAS,OKC,False,21713534,ast,13.5,13.5,stat_grid:pmf_sim_v1+role_aware_pmf_cal_v1:rotation+monotone_pit_cdf_v1,phase8_role_aware_pmf_cal_v1+monotone_inactive_global_v1,role_aware_pmf_cal_v1,rotation,derived_from_projected_minutes,22.0703,21.7952,0.05,2.6001,2.6001,3,3,0.0984,0.9016,0.7234,0.5671,0.2576,0.1083,0.0323,0.0083,0.0013,0.0001,0.0001,0.0,0.0,0.0,0.0,0.0,0.0,0.0,0.0,0.0,0.0,0.0,1251490848.0,-1251490849.0,morning,2026-05-30T22:47:50Z,6233da92#phase10c,30c4e23e-47a2-4ac0-bf0b-c3c6422ca067,ok,0.0,high,full,current_phase8,fallback_used,projected,derived_from_projected_minutes,bdl_plus_nba_official,2026-05-30T22:46:57Z,projected,not_available_yet,bdl_lineup_freshness_manifest,2026-05-30T21:12:58Z,model_grid
Dylan Harper,1057262518,SAS,OKC,False,21713534,ast,14.5,14.5,stat_grid:pmf_sim_v1+role_aware_pmf_cal_v1:rotation+monotone_pit_cdf_v1,phase8_role_aware_pmf_cal_v1+monotone_inactive_global_v1,role_aware_pmf_cal_v1,rotation,derived_from_projected_minutes,22.0703,21.7952,0.05,2.6001,2.6001,3,3,0.0984,0.9016,0.7234,0.5671,0.2576,0.1083,0.0323,0.0083,0.0013,0.0001,0.0001,0.0,0.0,0.0,0.0,0.0,0.0,0.0,0.0,0.0,0.0,0.0,8444025975.0,-8444025936.0,morning,2026-05-30T22:47:50Z,6233da92#phase10c,30c4e23e-47a2-4ac0-bf0b-c3c6422ca067,ok,0.0,high,full,current_phase8,fallback_used,projected,derived_from_projected_minutes,bdl_plus_nba_official,2026-05-30T22:46:57Z,projected,not_available_yet,bdl_lineup_freshness_manifest,2026-05-30T21:12:58Z,model_grid
Dylan Harper,1057262518,SAS,OKC,False,21713534,ast,15.5,15.5,stat_grid:pmf_sim_v1+role_aware_pmf_cal_v1:rotation+monotone_pit_cdf_v1,phase8_role_aware_pmf_cal_v1+monotone_inactive_global_v1,role_aware_pmf_cal_v1,rotation,derived_from_projected_minutes,22.0703,21.7952,0.05,2.6001,2.6001,3,3,0.0984,0.9016,0.7234,0.5671,0.2576,0.1083,0.0323,0.0083,0.0013,0.0001,0.0001,0.0,0.0,0.0,0.0,0.0,0.0,0.0,0.0,0.0,0.0,0.0,159123435614.0,-159123429830.0,morning,2026-05-30T22:47:50Z,6233da92#phase10c,30c4e23e-47a2-4ac0-bf0b-c3c6422ca067,ok,0.0,high,full,current_phase8,fallback_used,projected,derived_from_projected_minutes,bdl_plus_nba_official,2026-05-30T22:46:57Z,projected,not_available_yet,bdl_lineup_freshness_manifest,2026-05-30T21:12:58Z,model_grid
Dylan Harper,1057262518,SAS,OKC,False,21713534,ast,16.5,16.5,stat_grid:pmf_sim_v1+role_aware_pmf_cal_v1:rotation+monotone_pit_cdf_v1,phase8_role_aware_pmf_cal_v1+monotone_inactive_global_v1,role_aware_pmf_cal_v1,rotation,derived_from_projected_minutes,22.0703,21.7952,0.05,2.6001,2.6001,3,3,0.0984,0.9016,0.7234,0.5671,0.2576,0.1083,0.0323,0.0083,0.0013,0.0001,0.0001,0.0,0.0,0.0,0.0,0.0,0.0,0.0,0.0,0.0,0.0,0.0,411967272284.0,-411967289073.0,morning,2026-05-30T22:47:50Z,6233da92#phase10c,30c4e23e-47a2-4ac0-bf0b-c3c6422ca067,ok,0.0,high,full,current_phase8,fallback_used,projected,derived_from_projected_minutes,bdl_plus_nba_official,2026-05-30T22:46:57Z,projected,not_available_yet,bdl_lineup_freshness_manifest,2026-05-30T21:12:58Z,model_grid
Dylan Harper,1057262518,SAS,OKC,False,21713534,ast,17.5,17.5,stat_grid:pmf_sim_v1+role_aware_pmf_cal_v1:rotation+monotone_pit_cdf_v1,phase8_role_aware_pmf_cal_v1+monotone_inactive_global_v1,role_aware_pmf_cal_v1,rotation,derived_from_projected_minutes,22.0703,21.7952,0.05,2.6001,2.6001,3,3,0.0984,0.9016,0.7234,0.5671,0.2576,0.1083,0.0323,0.0083,0.0013,0.0001,0.0001,0.0,0.0,0.0,0.0,0.0,0.0,0.0,0.0,0.0,0.0,0.0,624650136543.0001,-624650163652.0,morning,2026-05-30T22:47:50Z,6233da92#phase10c,30c4e23e-47a2-4ac0-bf0b-c3c6422ca067,ok,0.0,high,full,current_phase8,fallback_used,projected,derived_from_projected_minutes,bdl_plus_nba_official,2026-05-30T22:46:57Z,projected,not_available_yet,bdl_lineup_freshness_manifest,2026-05-30T21:12:58Z,model_grid
Dylan Harper,1057262518,SAS,OKC,False,21713534,fg3m,0.5,0.5,stat_grid:fg3m_hurdle_v1+role_aware_pmf_cal_v1:rotation+monotone_pit_cdf_v1+sparse_hurdle_guarded,phase8_role_aware_pmf_cal_v1+monotone_inactive_global_v1,role_aware_pmf_cal_v1,rotation,derived_from_projected_minutes,22.0703,21.7952,0.05,0.787,0.787,1,0,0.4787,0.5213,0.182,0.0837,0.0,0.0,0.0,0.0,0.0,0.0,0.0,0.0,0.0,0.0,0.0,0.0,0.0,0.0,0.0,0.0,0.0,0.5213,-109.0,109.0,morning,2026-05-30T22:47:50Z,6233da92#phase10c,30c4e23e-47a2-4ac0-bf0b-c3c6422ca067,ok,0.0,high,full,current_phase8,fallback_used,projected,derived_from_projected_minutes,bdl_plus_nba_official,2026-05-30T22:46:57Z,projected,not_available_yet,bdl_lineup_freshness_manifest,2026-05-30T21:12:58Z,model_grid
Dylan Harper,1057262518,SAS,OKC,False,21713534,fg3m,1.5,1.5,stat_grid:fg3m_hurdle_v1+role_aware_pmf_cal_v1:rotation+monotone_pit_cdf_v1+sparse_hurdle_guarded,phase8_role_aware_pmf_cal_v1+monotone_inactive_global_v1,role_aware_pmf_cal_v1,rotation,derived_from_projected_minutes,22.0703,21.7952,0.05,0.787,0.787,1,0,0.4787,0.5213,0.182,0.0837,0.0,0.0,0.0,0.0,0.0,0.0,0.0,0.0,0.0,0.0,0.0,0.0,0.0,0.0,0.0,0.0,0.0,0.182,449.0,-449.0,morning,2026-05-30T22:47:50Z,6233da92#phase10c,30c4e23e-47a2-4ac0-bf0b-c3c6422ca067,ok,0.0,high,full,current_phase8,fallback_used,projected,derived_from_projected_minutes,bdl_plus_nba_official,2026-05-30T22:46:57Z,projected,not_available_yet,bdl_lineup_freshness_manifest,2026-05-30T21:12:58Z,model_grid
Dylan Harper,1057262518,SAS,OKC,False,21713534,fg3m,2.5,2.5,stat_grid:fg3m_hurdle_v1+role_aware_pmf_cal_v1:rotation+monotone_pit_cdf_v1+sparse_hurdle_guarded,phase8_role_aware_pmf_cal_v1+monotone_inactive_global_v1,role_aware_pmf_cal_v1,rotation,derived_from_projected_minutes,22.0703,21.7952,0.05,0.787,0.787,1,0,0.4787,0.5213,0.182,0.0837,0.0,0.0,0.0,0.0,0.0,0.0,0.0,0.0,0.0,0.0,0.0,0.0,0.0,0.0,0.0,0.0,0.0,0.0837,1094.0,-1094.0,morning,2026-05-30T22:47:50Z,6233da92#phase10c,30c4e23e-47a2-4ac0-bf0b-c3c6422ca067,ok,0.0,high,full,current_phase8,fallback_used,projected,derived_from_projected_minutes,bdl_plus_nba_official,2026-05-30T22:46:57Z,projected,not_available_yet,bdl_lineup_freshness_manifest,2026-05-30T21:12:58Z,model_grid
Dylan Harper,1057262518,SAS,OKC,False,21713534,fg3m,3.5,3.5,stat_grid:fg3m_hurdle_v1+role_aware_pmf_cal_v1:rotation+monotone_pit_cdf_v1+sparse_hurdle_guarded,phase8_role_aware_pmf_cal_v1+monotone_inactive_global_v1,role_aware_pmf_cal_v1,rotation,derived_from_projected_minutes,22.0703,21.7952,0.05,0.787,0.787,1,0,0.4787,0.5213,0.182,0.0837,0.0,0.0,0.0,0.0,0.0,0.0,0.0,0.0,0.0,0.0,0.0,0.0,0.0,0.0,0.0,0.0,0.0,0.0,,,morning,2026-05-30T22:47:50Z,6233da92#phase10c,30c4e23e-47a2-4ac0-bf0b-c3c6422ca067,ok,0.0,high,full,current_phase8,fallback_used,projected,derived_from_projected_minutes,bdl_plus_nba_official,2026-05-30T22:46:57Z,projected,not_available_yet,bdl_lineup_freshness_manifest,2026-05-30T21:12:58Z,model_grid
Dylan Harper,1057262518,SAS,OKC,False,21713534,fg3m,4.5,4.5,stat_grid:fg3m_hurdle_v1+role_aware_pmf_cal_v1:rotation+monotone_pit_cdf_v1+sparse_hurdle_guarded,phase8_role_aware_pmf_cal_v1+monotone_inactive_global_v1,role_aware_pmf_cal_v1,rotation,derived_from_projected_minutes,22.0703,21.7952,0.05,0.787,0.787,1,0,0.4787,0.5213,0.182,0.0837,0.0,0.0,0.0,0.0,0.0,0.0,0.0,0.0,0.0,0.0,0.0,0.0,0.0,0.0,0.0,0.0,0.0,0.0,,,morning,2026-05-30T22:47:50Z,6233da92#phase10c,30c4e23e-47a2-4ac0-bf0b-c3c6422ca067,ok,0.0,high,full,current_phase8,fallback_used,projected,derived_from_projected_minutes,bdl_plus_nba_official,2026-05-30T22:46:57Z,projected,not_available_yet,bdl_lineup_freshness_manifest,2026-05-30T21:12:58Z,model_grid
Dylan Harper,1057262518,SAS,OKC,False,21713534,fg3m,5.5,5.5,stat_grid:fg3m_hurdle_v1+role_aware_pmf_cal_v1:rotation+monotone_pit_cdf_v1+sparse_hurdle_guarded,phase8_role_aware_pmf_cal_v1+monotone_inactive_global_v1,role_aware_pmf_cal_v1,rotation,derived_from_projected_minutes,22.0703,21.7952,0.05,0.787,0.787,1,0,0.4787,0.5213,0.182,0.0837,0.0,0.0,0.0,0.0,0.0,0.0,0.0,0.0,0.0,0.0,0.0,0.0,0.0,0.0,0.0,0.0,0.0,0.0,,,morning,2026-05-30T22:47:50Z,6233da92#phase10c,30c4e23e-47a2-4ac0-bf0b-c3c6422ca067,ok,0.0,high,full,current_phase8,fallback_used,projected,derived_from_projected_minutes,bdl_plus_nba_official,2026-05-30T22:46:57Z,projected,not_available_yet,bdl_lineup_freshness_manifest,2026-05-30T21:12:58Z,model_grid
Dylan Harper,1057262518,SAS,OKC,False,21713534,fg3m,6.5,6.5,stat_grid:fg3m_hurdle_v1+role_aware_pmf_cal_v1:rotation+monotone_pit_cdf_v1+sparse_hurdle_guarded,phase8_role_aware_pmf_cal_v1+monotone_inactive_global_v1,role_aware_pmf_cal_v1,rotation,derived_from_projected_minutes,22.0703,21.7952,0.05,0.787,0.787,1,0,0.4787,0.5213,0.182,0.0837,0.0,0.0,0.0,0.0,0.0,0.0,0.0,0.0,0.0,0.0,0.0,0.0,0.0,0.0,0.0,0.0,0.0,0.0,,,morning,2026-05-30T22:47:50Z,6233da92#phase10c,30c4e23e-47a2-4ac0-bf0b-c3c6422ca067,ok,0.0,high,full,current_phase8,fallback_used,projected,derived_from_projected_minutes,bdl_plus_nba_official,2026-05-30T22:46:57Z,projected,not_available_yet,bdl_lineup_freshness_manifest,2026-05-30T21:12:58Z,model_grid
Dylan Harper,1057262518,SAS,OKC,False,21713534,fg3m,7.5,7.5,stat_grid:fg3m_hurdle_v1+role_aware_pmf_cal_v1:rotation+monotone_pit_cdf_v1+sparse_hurdle_guarded,phase8_role_aware_pmf_cal_v1+monotone_inactive_global_v1,role_aware_pmf_cal_v1,rotation,derived_from_projected_minutes,22.0703,21.7952,0.05,0.787,0.787,1,0,0.4787,0.5213,0.182,0.0837,0.0,0.0,0.0,0.0,0.0,0.0,0.0,0.0,0.0,0.0,0.0,0.0,0.0,0.0,0.0,0.0,0.0,0.0,,,morning,2026-05-30T22:47:50Z,6233da92#phase10c,30c4e23e-47a2-4ac0-bf0b-c3c6422ca067,ok,0.0,high,full,current_phase8,fallback_used,projected,derived_from_projected_minutes,bdl_plus_nba_official,2026-05-30T22:46:57Z,projected,not_available_yet,bdl_lineup_freshness_manifest,2026-05-30T21:12:58Z,model_grid
Dylan Harper,1057262518,SAS,OKC,False,21713534,fg3m,8.5,8.5,stat_grid:fg3m_hurdle_v1+role_aware_pmf_cal_v1:rotation+monotone_pit_cdf_v1+sparse_hurdle_guarded,phase8_role_aware_pmf_cal_v1+monotone_inactive_global_v1,role_aware_pmf_cal_v1,rotation,derived_from_projected_minutes,22.0703,21.7952,0.05,0.787,0.787,1,0,0.4787,0.5213,0.182,0.0837,0.0,0.0,0.0,0.0,0.0,0.0,0.0,0.0,0.0,0.0,0.0,0.0,0.0,0.0,0.0,0.0,0.0,0.0,,,morning,2026-05-30T22:47:50Z,6233da92#phase10c,30c4e23e-47a2-4ac0-bf0b-c3c6422ca067,ok,0.0,high,full,current_phase8,fallback_used,projected,derived_from_projected_minutes,bdl_plus_nba_official,2026-05-30T22:46:57Z,projected,not_available_yet,bdl_lineup_freshness_manifest,2026-05-30T21:12:58Z,model_grid
Dylan Harper,1057262518,SAS,OKC,False,21713534,tov,0.5,0.5,stat_grid:pmf_sim_v1+role_aware_pmf_cal_v1:rotation+monotone_pit_cdf_v1+sparse_hurdle_guarded,phase8_role_aware_pmf_cal_v1+monotone_inactive_global_v1,role_aware_pmf_cal_v1,rotation,derived_from_projected_minutes,22.0703,21.7952,0.05,1.2943,1.2943,2,2,0.2964,0.7036,0.5426,0.0476,0.0004,0.0,0.0,0.0,0.0,0.0,0.0,0.0,0.0,0.0,0.0,0.0,0.0,0.0,0.0,0.0,0.0,0.7036,-237.0,237.0,morning,2026-05-30T22:47:50Z,6233da92#phase10c,30c4e23e-47a2-4ac0-bf0b-c3c6422ca067,ok,0.0,high,full,current_phase8,fallback_used,projected,derived_from_projected_minutes,bdl_plus_nba_official,2026-05-30T22:46:57Z,projected,not_available_yet,bdl_lineup_freshness_manifest,2026-05-30T21:12:58Z,model_grid
Dylan Harper,1057262518,SAS,OKC,False,21713534,tov,1.5,1.5,stat_grid:pmf_sim_v1+role_aware_pmf_cal_v1:rotation+monotone_pit_cdf_v1+sparse_hurdle_guarded,phase8_role_aware_pmf_cal_v1+monotone_inactive_global_v1,role_aware_pmf_cal_v1,rotation,derived_from_projected_minutes,22.0703,21.7952,0.05,1.2943,1.2943,2,2,0.2964,0.7036,0.5426,0.0476,0.0004,0.0,0.0,0.0,0.0,0.0,0.0,0.0,0.0,0.0,0.0,0.0,0.0,0.0,0.0,0.0,0.0,0.5426,-119.0,119.0,morning,2026-05-30T22:47:50Z,6233da92#phase10c,30c4e23e-47a2-4ac0-bf0b-c3c6422ca067,ok,0.0,high,full,current_phase8,fallback_used,projected,derived_from_projected_minutes,bdl_plus_nba_official,2026-05-30T22:46:57Z,projected,not_available_yet,bdl_lineup_freshness_manifest,2026-05-30T21:12:58Z,model_grid
Dylan Harper,1057262518,SAS,OKC,False,21713534,tov,2.5,2.5,stat_grid:pmf_sim_v1+role_aware_pmf_cal_v1:rotation+monotone_pit_cdf_v1+sparse_hurdle_guarded,phase8_role_aware_pmf_cal_v1+monotone_inactive_global_v1,role_aware_pmf_cal_v1,rotation,derived_from_projected_minutes,22.0703,21.7952,0.05,1.2943,1.2943,2,2,0.2964,0.7036,0.5426,0.0476,0.0004,0.0,0.0,0.0,0.0,0.0,0.0,0.0,0.0,0.0,0.0,0.0,0.0,0.0,0.0,0.0,0.0,0.0476,1999.0,-1999.0,morning,2026-05-30T22:47:50Z,6233da92#phase10c,30c4e23e-47a2-4ac0-bf0b-c3c6422ca067,ok,0.0,high,full,current_phase8,fallback_used,projected,derived_from_projected_minutes,bdl_plus_nba_official,2026-05-30T22:46:57Z,projected,not_available_yet,bdl_lineup_freshness_manifest,2026-05-30T21:12:58Z,model_grid
Dylan Harper,1057262518,SAS,OKC,False,21713534,tov,3.5,3.5,stat_grid:pmf_sim_v1+role_aware_pmf_cal_v1:rotation+monotone_pit_cdf_v1+sparse_hurdle_guarded,phase8_role_aware_pmf_cal_v1+monotone_inactive_global_v1,role_aware_pmf_cal_v1,rotation,derived_from_projected_minutes,22.0703,21.7952,0.05,1.2943,1.2943,2,2,0.2964,0.7036,0.5426,0.0476,0.0004,0.0,0.0,0.0,0.0,0.0,0.0,0.0,0.0,0.0,0.0,0.0,0.0,0.0,0.0,0.0,0.0,0.0004,247316.0,-247316.0,morning,2026-05-30T22:47:50Z,6233da92#phase10c,30c4e23e-47a2-4ac0-bf0b-c3c6422ca067,ok,0.0,high,full,current_phase8,fallback_used,projected,derived_from_projected_minutes,bdl_plus_nba_official,2026-05-30T22:46:57Z,projected,not_available_yet,bdl_lineup_freshness_manifest,2026-05-30T21:12:58Z,model_grid
Dylan Harper,1057262518,SAS,OKC,False,21713534,tov,4.5,4.5,stat_grid:pmf_sim_v1+role_aware_pmf_cal_v1:rotation+monotone_pit_cdf_v1+sparse_hurdle_guarded,phase8_role_aware_pmf_cal_v1+monotone_inactive_global_v1,role_aware_pmf_cal_v1,rotation,derived_from_projected_minutes,22.0703,21.7952,0.05,1.2943,1.2943,2,2,0.2964,0.7036,0.5426,0.0476,0.0004,0.0,0.0,0.0,0.0,0.0,0.0,0.0,0.0,0.0,0.0,0.0,0.0,0.0,0.0,0.0,0.0,0.0,86945522.0,-86945522.0,morning,2026-05-30T22:47:50Z,6233da92#phase10c,30c4e23e-47a2-4ac0-bf0b-c3c6422ca067,ok,0.0,high,full,current_phase8,fallback_used,projected,derived_from_projected_minutes,bdl_plus_nba_official,2026-05-30T22:46:57Z,projected,not_available_yet,bdl_lineup_freshness_manifest,2026-05-30T21:12:58Z,model_grid
Dylan Harper,1057262518,SAS,OKC,False,21713534,tov,5.5,5.5,stat_grid:pmf_sim_v1+role_aware_pmf_cal_v1:rotation+monotone_pit_cdf_v1+sparse_hurdle_guarded,phase8_role_aware_pmf_cal_v1+monotone_inactive_global_v1,role_aware_pmf_cal_v1,rotation,derived_from_projected_minutes,22.0703,21.7952,0.05,1.2943,1.2943,2,2,0.2964,0.7036,0.5426,0.0476,0.0004,0.0,0.0,0.0,0.0,0.0,0.0,0.0,0.0,0.0,0.0,0.0,0.0,0.0,0.0,0.0,0.0,0.0,63978582586.0,-63978583174.0,morning,2026-05-30T22:47:50Z,6233da92#phase10c,30c4e23e-47a2-4ac0-bf0b-c3c6422ca067,ok,0.0,high,full,current_phase8,fallback_used,projected,derived_from_projected_minutes,bdl_plus_nba_official,2026-05-30T22:46:57Z,projected,not_available_yet,bdl_lineup_freshness_manifest,2026-05-30T21:12:58Z,model_grid
Dylan Harper,1057262518,SAS,OKC,False,21713534,tov,6.5,6.5,stat_grid:pmf_sim_v1+role_aware_pmf_cal_v1:rotation+monotone_pit_cdf_v1+sparse_hurdle_guarded,phase8_role_aware_pmf_cal_v1+monotone_inactive_global_v1,role_aware_pmf_cal_v1,rotation,derived_from_projected_minutes,22.0703,21.7952,0.05,1.2943,1.2943,2,2,0.2964,0.7036,0.5426,0.0476,0.0004,0.0,0.0,0.0,0.0,0.0,0.0,0.0,0.0,0.0,0.0,0.0,0.0,0.0,0.0,0.0,0.0,0.0,57283695395661.99,-57283129322852.0,morning,2026-05-30T22:47:50Z,6233da92#phase10c,30c4e23e-47a2-4ac0-bf0b-c3c6422ca067,ok,0.0,high,full,current_phase8,fallback_used,projected,derived_from_projected_minutes,bdl_plus_nba_official,2026-05-30T22:46:57Z,projected,not_available_yet,bdl_lineup_freshness_manifest,2026-05-30T21:12:58Z,model_grid
Dylan Harper,1057262518,SAS,OKC,False,21713534,tov,7.5,7.5,stat_grid:pmf_sim_v1+role_aware_pmf_cal_v1:rotation+monotone_pit_cdf_v1+sparse_hurdle_guarded,phase8_role_aware_pmf_cal_v1+monotone_inactive_global_v1,role_aware_pmf_cal_v1,rotation,derived_from_projected_minutes,22.0703,21.7952,0.05,1.2943,1.2943,2,2,0.2964,0.7036,0.5426,0.0476,0.0004,0.0,0.0,0.0,0.0,0.0,0.0,0.0,0.0,0.0,0.0,0.0,0.0,0.0,0.0,0.0,0.0,0.0,,,morning,2026-05-30T22:47:50Z,6233da92#phase10c,30c4e23e-47a2-4ac0-bf0b-c3c6422ca067,ok,0.0,high,full,current_phase8,fallback_used,projected,derived_from_projected_minutes,bdl_plus_nba_official,2026-05-30T22:46:57Z,projected,not_available_yet,bdl_lineup_freshness_manifest,2026-05-30T21:12:58Z,model_grid
Dylan Harper,1057262518,SAS,OKC,False,21713534,stl,0.5,0.5,stat_grid:hurdle_v1+role_aware_pmf_cal_v1:rotation+monotone_pit_cdf_v1+sparse_hurdle_guarded,phase8_role_aware_pmf_cal_v1+monotone_inactive_global_v1,role_aware_pmf_cal_v1,rotation,derived_from_projected_minutes,22.0703,21.7952,0.05,0.9024,0.9024,1,1,0.3013,0.6987,0.1603,0.0363,0.007,0.0,0.0,0.0,0.0,0.0,0.0,0.0,0.0,0.0,0.0,0.0,0.0,0.0,0.0,0.0,0.0,0.6987,-232.0,232.0,morning,2026-05-30T22:47:50Z,6233da92#phase10c,30c4e23e-47a2-4ac0-bf0b-c3c6422ca067,ok,0.0,high,full,current_phase8,fallback_used,projected,derived_from_projected_minutes,bdl_plus_nba_official,2026-05-30T22:46:57Z,projected,not_available_yet,bdl_lineup_freshness_manifest,2026-05-30T21:12:58Z,model_grid
Dylan Harper,1057262518,SAS,OKC,False,21713534,stl,1.5,1.5,stat_grid:hurdle_v1+role_aware_pmf_cal_v1:rotation+monotone_pit_cdf_v1+sparse_hurdle_guarded,phase8_role_aware_pmf_cal_v1+monotone_inactive_global_v1,role_aware_pmf_cal_v1,rotation,derived_from_projected_minutes,22.0703,21.7952,0.05,0.9024,0.9024,1,1,0.3013,0.6987,0.1603,0.0363,0.007,0.0,0.0,0.0,0.0,0.0,0.0,0.0,0.0,0.0,0.0,0.0,0.0,0.0,0.0,0.0,0.0,0.1603,524.0,-524.0,morning,2026-05-30T22:47:50Z,6233da92#phase10c,30c4e23e-47a2-4ac0-bf0b-c3c6422ca067,ok,0.0,high,full,current_phase8,fallback_used,projected,derived_from_projected_minutes,bdl_plus_nba_official,2026-05-30T22:46:57Z,projected,not_available_yet,bdl_lineup_freshness_manifest,2026-05-30T21:12:58Z,model_grid
Dylan Harper,1057262518,SAS,OKC,False,21713534,stl,2.5,2.5,stat_grid:hurdle_v1+role_aware_pmf_cal_v1:rotation+monotone_pit_cdf_v1+sparse_hurdle_guarded,phase8_role_aware_pmf_cal_v1+monotone_inactive_global_v1,role_aware_pmf_cal_v1,rotation,derived_from_projected_minutes,22.0703,21.7952,0.05,0.9024,0.9024,1,1,0.3013,0.6987,0.1603,0.0363,0.007,0.0,0.0,0.0,0.0,0.0,0.0,0.0,0.0,0.0,0.0,0.0,0.0,0.0,0.0,0.0,0.0,0.0363,2653.0,-2653.0,morning,2026-05-30T22:47:50Z,6233da92#phase10c,30c4e23e-47a2-4ac0-bf0b-c3c6422ca067,ok,0.0,high,full,current_phase8,fallback_used,projected,derived_from_projected_minutes,bdl_plus_nba_official,2026-05-30T22:46:57Z,projected,not_available_yet,bdl_lineup_freshness_manifest,2026-05-30T21:12:58Z,model_grid
Dylan Harper,1057262518,SAS,OKC,False,21713534,stl,3.5,3.5,stat_grid:hurdle_v1+role_aware_pmf_cal_v1:rotation+monotone_pit_cdf_v1+sparse_hurdle_guarded,phase8_role_aware_pmf_cal_v1+monotone_inactive_global_v1,role_aware_pmf_cal_v1,rotation,derived_from_projected_minutes,22.0703,21.7952,0.05,0.9024,0.9024,1,1,0.3013,0.6987,0.1603,0.0363,0.007,0.0,0.0,0.0,0.0,0.0,0.0,0.0,0.0,0.0,0.0,0.0,0.0,0.0,0.0,0.0,0.0,0.007,14176.0,-14176.0,morning,2026-05-30T22:47:50Z,6233da92#phase10c,30c4e23e-47a2-4ac0-bf0b-c3c6422ca067,ok,0.0,high,full,current_phase8,fallback_used,projected,derived_from_projected_minutes,bdl_plus_nba_official,2026-05-30T22:46:57Z,projected,not_available_yet,bdl_lineup_freshness_manifest,2026-05-30T21:12:58Z,model_grid
Dylan Harper,1057262518,SAS,OKC,False,21713534,stl,4.5,4.5,stat_grid:hurdle_v1+role_aware_pmf_cal_v1:rotation+monotone_pit_cdf_v1+sparse_hurdle_guarded,phase8_role_aware_pmf_cal_v1+monotone_inactive_global_v1,role_aware_pmf_cal_v1,rotation,derived_from_projected_minutes,22.0703,21.7952,0.05,0.9024,0.9024,1,1,0.3013,0.6987,0.1603,0.0363,0.007,0.0,0.0,0.0,0.0,0.0,0.0,0.0,0.0,0.0,0.0,0.0,0.0,0.0,0.0,0.0,0.0,0.0,,,morning,2026-05-30T22:47:50Z,6233da92#phase10c,30c4e23e-47a2-4ac0-bf0b-c3c6422ca067,ok,0.0,high,full,current_phase8,fallback_used,projected,derived_from_projected_minutes,bdl_plus_nba_official,2026-05-30T22:46:57Z,projected,not_available_yet,bdl_lineup_freshness_manifest,2026-05-30T21:12:58Z,model_grid
Dylan Harper,1057262518,SAS,OKC,False,21713534,stl,5.5,5.5,stat_grid:hurdle_v1+role_aware_pmf_cal_v1:rotation+monotone_pit_cdf_v1+sparse_hurdle_guarded,phase8_role_aware_pmf_cal_v1+monotone_inactive_global_v1,role_aware_pmf_cal_v1,rotation,derived_from_projected_minutes,22.0703,21.7952,0.05,0.9024,0.9024,1,1,0.3013,0.6987,0.1603,0.0363,0.007,0.0,0.0,0.0,0.0,0.0,0.0,0.0,0.0,0.0,0.0,0.0,0.0,0.0,0.0,0.0,0.0,0.0,,,morning,2026-05-30T22:47:50Z,6233da92#phase10c,30c4e23e-47a2-4ac0-bf0b-c3c6422ca067,ok,0.0,high,full,current_phase8,fallback_used,projected,derived_from_projected_minutes,bdl_plus_nba_official,2026-05-30T22:46:57Z,projected,not_available_yet,bdl_lineup_freshness_manifest,2026-05-30T21:12:58Z,model_grid
Dylan Harper,1057262518,SAS,OKC,False,21713534,stl,6.5,6.5,stat_grid:hurdle_v1+role_aware_pmf_cal_v1:rotation+monotone_pit_cdf_v1+sparse_hurdle_guarded,phase8_role_aware_pmf_cal_v1+monotone_inactive_global_v1,role_aware_pmf_cal_v1,rotation,derived_from_projected_minutes,22.0703,21.7952,0.05,0.9024,0.9024,1,1,0.3013,0.6987,0.1603,0.0363,0.007,0.0,0.0,0.0,0.0,0.0,0.0,0.0,0.0,0.0,0.0,0.0,0.0,0.0,0.0,0.0,0.0,0.0,,,morning,2026-05-30T22:47:50Z,6233da92#phase10c,30c4e23e-47a2-4ac0-bf0b-c3c6422ca067,ok,0.0,high,full,current_phase8,fallback_used,projected,derived_from_projected_minutes,bdl_plus_nba_official,2026-05-30T22:46:57Z,projected,not_available_yet,bdl_lineup_freshness_manifest,2026-05-30T21:12:58Z,model_grid
Dylan Harper,1057262518,SAS,OKC,False,21713534,stl,7.5,7.5,stat_grid:hurdle_v1+role_aware_pmf_cal_v1:rotation+monotone_pit_cdf_v1+sparse_hurdle_guarded,phase8_role_aware_pmf_cal_v1+monotone_inactive_global_v1,role_aware_pmf_cal_v1,rotation,derived_from_projected_minutes,22.0703,21.7952,0.05,0.9024,0.9024,1,1,0.3013,0.6987,0.1603,0.0363,0.007,0.0,0.0,0.0,0.0,0.0,0.0,0.0,0.0,0.0,0.0,0.0,0.0,0.0,0.0,0.0,0.0,0.0,,,morning,2026-05-30T22:47:50Z,6233da92#phase10c,30c4e23e-47a2-4ac0-bf0b-c3c6422ca067,ok,0.0,high,full,current_phase8,fallback_used,projected,derived_from_projected_minutes,bdl_plus_nba_official,2026-05-30T22:46:57Z,projected,not_available_yet,bdl_lineup_freshness_manifest,2026-05-30T21:12:58Z,model_grid
Dylan Harper,1057262518,SAS,OKC,False,21713534,stl,8.5,8.5,stat_grid:hurdle_v1+role_aware_pmf_cal_v1:rotation+monotone_pit_cdf_v1+sparse_hurdle_guarded,phase8_role_aware_pmf_cal_v1+monotone_inactive_global_v1,role_aware_pmf_cal_v1,rotation,derived_from_projected_minutes,22.0703,21.7952,0.05,0.9024,0.9024,1,1,0.3013,0.6987,0.1603,0.0363,0.007,0.0,0.0,0.0,0.0,0.0,0.0,0.0,0.0,0.0,0.0,0.0,0.0,0.0,0.0,0.0,0.0,0.0,,,morning,2026-05-30T22:47:50Z,6233da92#phase10c,30c4e23e-47a2-4ac0-bf0b-c3c6422ca067,ok,0.0,high,full,current_phase8,fallback_used,projected,derived_from_projected_minutes,bdl_plus_nba_official,2026-05-30T22:46:57Z,projected,not_available_yet,bdl_lineup_freshness_manifest,2026-05-30T21:12:58Z,model_grid
Dylan Harper,1057262518,SAS,OKC,False,21713534,stl,9.5,9.5,stat_grid:hurdle_v1+role_aware_pmf_cal_v1:rotation+monotone_pit_cdf_v1+sparse_hurdle_guarded,phase8_role_aware_pmf_cal_v1+monotone_inactive_global_v1,role_aware_pmf_cal_v1,rotation,derived_from_projected_minutes,22.0703,21.7952,0.05,0.9024,0.9024,1,1,0.3013,0.6987,0.1603,0.0363,0.007,0.0,0.0,0.0,0.0,0.0,0.0,0.0,0.0,0.0,0.0,0.0,0.0,0.0,0.0,0.0,0.0,0.0,,,morning,2026-05-30T22:47:50Z,6233da92#phase10c,30c4e23e-47a2-4ac0-bf0b-c3c6422ca067,ok,0.0,high,full,current_phase8,fallback_used,projected,derived_from_projected_minutes,bdl_plus_nba_official,2026-05-30T22:46:57Z,projected,not_available_yet,bdl_lineup_freshness_manifest,2026-05-30T21:12:58Z,model_grid
Dylan Harper,1057262518,SAS,OKC,False,21713534,stl,10.5,10.5,stat_grid:hurdle_v1+role_aware_pmf_cal_v1:rotation+monotone_pit_cdf_v1+sparse_hurdle_guarded,phase8_role_aware_pmf_cal_v1+monotone_inactive_global_v1,role_aware_pmf_cal_v1,rotation,derived_from_projected_minutes,22.0703,21.7952,0.05,0.9024,0.9024,1,1,0.3013,0.6987,0.1603,0.0363,0.007,0.0,0.0,0.0,0.0,0.0,0.0,0.0,0.0,0.0,0.0,0.0,0.0,0.0,0.0,0.0,0.0,0.0,,,morning,2026-05-30T22:47:50Z,6233da92#phase10c,30c4e23e-47a2-4ac0-bf0b-c3c6422ca067,ok,0.0,high,full,current_phase8,fallback_used,projected,derived_from_projected_minutes,bdl_plus_nba_official,2026-05-30T22:46:57Z,projected,not_available_yet,bdl_lineup_freshness_manifest,2026-05-30T21:12:58Z,model_grid
Dylan Harper,1057262518,SAS,OKC,False,21713534,stl,11.5,11.5,stat_grid:hurdle_v1+role_aware_pmf_cal_v1:rotation+monotone_pit_cdf_v1+sparse_hurdle_guarded,phase8_role_aware_pmf_cal_v1+monotone_inactive_global_v1,role_aware_pmf_cal_v1,rotation,derived_from_projected_minutes,22.0703,21.7952,0.05,0.9024,0.9024,1,1,0.3013,0.6987,0.1603,0.0363,0.007,0.0,0.0,0.0,0.0,0.0,0.0,0.0,0.0,0.0,0.0,0.0,0.0,0.0,0.0,0.0,0.0,0.0,,,morning,2026-05-30T22:47:50Z,6233da92#phase10c,30c4e23e-47a2-4ac0-bf0b-c3c6422ca067,ok,0.0,high,full,current_phase8,fallback_used,projected,derived_from_projected_minutes,bdl_plus_nba_official,2026-05-30T22:46:57Z,projected,not_available_yet,bdl_lineup_freshness_manifest,2026-05-30T21:12:58Z,model_grid
Dylan Harper,1057262518,SAS,OKC,False,21713534,stl,12.5,12.5,stat_grid:hurdle_v1+role_aware_pmf_cal_v1:rotation+monotone_pit_cdf_v1+sparse_hurdle_guarded,phase8_role_aware_pmf_cal_v1+monotone_inactive_global_v1,role_aware_pmf_cal_v1,rotation,derived_from_projected_minutes,22.0703,21.7952,0.05,0.9024,0.9024,1,1,0.3013,0.6987,0.1603,0.0363,0.007,0.0,0.0,0.0,0.0,0.0,0.0,0.0,0.0,0.0,0.0,0.0,0.0,0.0,0.0,0.0,0.0,0.0,,,morning,2026-05-30T22:47:50Z,6233da92#phase10c,30c4e23e-47a2-4ac0-bf0b-c3c6422ca067,ok,0.0,high,full,current_phase8,fallback_used,projected,derived_from_projected_minutes,bdl_plus_nba_official,2026-05-30T22:46:57Z,projected,not_available_yet,bdl_lineup_freshness_manifest,2026-05-30T21:12:58Z,model_grid
Dylan Harper,1057262518,SAS,OKC,False,21713534,stl,13.5,13.5,stat_grid:hurdle_v1+role_aware_pmf_cal_v1:rotation+monotone_pit_cdf_v1+sparse_hurdle_guarded,phase8_role_aware_pmf_cal_v1+monotone_inactive_global_v1,role_aware_pmf_cal_v1,rotation,derived_from_projected_minutes,22.0703,21.7952,0.05,0.9024,0.9024,1,1,0.3013,0.6987,0.1603,0.0363,0.007,0.0,0.0,0.0,0.0,0.0,0.0,0.0,0.0,0.0,0.0,0.0,0.0,0.0,0.0,0.0,0.0,0.0,,,morning,2026-05-30T22:47:50Z,6233da92#phase10c,30c4e23e-47a2-4ac0-bf0b-c3c6422ca067,ok,0.0,high,full,current_phase8,fallback_used,projected,derived_from_projected_minutes,bdl_plus_nba_official,2026-05-30T22:46:57Z,projected,not_available_yet,bdl_lineup_freshness_manifest,2026-05-30T21:12:58Z,model_grid
Dylan Harper,1057262518,SAS,OKC,False,21713534,stl,14.5,14.5,stat_grid:hurdle_v1+role_aware_pmf_cal_v1:rotation+monotone_pit_cdf_v1+sparse_hurdle_guarded,phase8_role_aware_pmf_cal_v1+monotone_inactive_global_v1,role_aware_pmf_cal_v1,rotation,derived_from_projected_minutes,22.0703,21.7952,0.05,0.9024,0.9024,1,1,0.3013,0.6987,0.1603,0.0363,0.007,0.0,0.0,0.0,0.0,0.0,0.0,0.0,0.0,0.0,0.0,0.0,0.0,0.0,0.0,0.0,0.0,0.0,,,morning,2026-05-30T22:47:50Z,6233da92#phase10c,30c4e23e-47a2-4ac0-bf0b-c3c6422ca067,ok,0.0,high,full,current_phase8,fallback_used,projected,derived_from_projected_minutes,bdl_plus_nba_official,2026-05-30T22:46:57Z,projected,not_available_yet,bdl_lineup_freshness_manifest,2026-05-30T21:12:58Z,model_grid
Dylan Harper,1057262518,SAS,OKC,False,21713534,stl,15.5,15.5,stat_grid:hurdle_v1+role_aware_pmf_cal_v1:rotation+monotone_pit_cdf_v1+sparse_hurdle_guarded,phase8_role_aware_pmf_cal_v1+monotone_inactive_global_v1,role_aware_pmf_cal_v1,rotation,derived_from_projected_minutes,22.0703,21.7952,0.05,0.9024,0.9024,1,1,0.3013,0.6987,0.1603,0.0363,0.007,0.0,0.0,0.0,0.0,0.0,0.0,0.0,0.0,0.0,0.0,0.0,0.0,0.0,0.0,0.0,0.0,0.0,,,morning,2026-05-30T22:47:50Z,6233da92#phase10c,30c4e23e-47a2-4ac0-bf0b-c3c6422ca067,ok,0.0,high,full,current_phase8,fallback_used,projected,derived_from_projected_minutes,bdl_plus_nba_official,2026-05-30T22:46:57Z,projected,not_available_yet,bdl_lineup_freshness_manifest,2026-05-30T21:12:58Z,model_grid
Dylan Harper,1057262518,SAS,OKC,False,21713534,stl,16.5,16.5,stat_grid:hurdle_v1+role_aware_pmf_cal_v1:rotation+monotone_pit_cdf_v1+sparse_hurdle_guarded,phase8_role_aware_pmf_cal_v1+monotone_inactive_global_v1,role_aware_pmf_cal_v1,rotation,derived_from_projected_minutes,22.0703,21.7952,0.05,0.9024,0.9024,1,1,0.3013,0.6987,0.1603,0.0363,0.007,0.0,0.0,0.0,0.0,0.0,0.0,0.0,0.0,0.0,0.0,0.0,0.0,0.0,0.0,0.0,0.0,0.0,,,morning,2026-05-30T22:47:50Z,6233da92#phase10c,30c4e23e-47a2-4ac0-bf0b-c3c6422ca067,ok,0.0,high,full,current_phase8,fallback_used,projected,derived_from_projected_minutes,bdl_plus_nba_official,2026-05-30T22:46:57Z,projected,not_available_yet,bdl_lineup_freshness_manifest,2026-05-30T21:12:58Z,model_grid
Dylan Harper,1057262518,SAS,OKC,False,21713534,stl,17.5,17.5,stat_grid:hurdle_v1+role_aware_pmf_cal_v1:rotation+monotone_pit_cdf_v1+sparse_hurdle_guarded,phase8_role_aware_pmf_cal_v1+monotone_inactive_global_v1,role_aware_pmf_cal_v1,rotation,derived_from_projected_minutes,22.0703,21.7952,0.05,0.9024,0.9024,1,1,0.3013,0.6987,0.1603,0.0363,0.007,0.0,0.0,0.0,0.0,0.0,0.0,0.0,0.0,0.0,0.0,0.0,0.0,0.0,0.0,0.0,0.0,0.0,,,morning,2026-05-30T22:47:50Z,6233da92#phase10c,30c4e23e-47a2-4ac0-bf0b-c3c6422ca067,ok,0.0,high,full,current_phase8,fallback_used,projected,derived_from_projected_minutes,bdl_plus_nba_official,2026-05-30T22:46:57Z,projected,not_available_yet,bdl_lineup_freshness_manifest,2026-05-30T21:12:58Z,model_grid
Dylan Harper,1057262518,SAS,OKC,False,21713534,stl,18.5,18.5,stat_grid:hurdle_v1+role_aware_pmf_cal_v1:rotation+monotone_pit_cdf_v1+sparse_hurdle_guarded,phase8_role_aware_pmf_cal_v1+monotone_inactive_global_v1,role_aware_pmf_cal_v1,rotation,derived_from_projected_minutes,22.0703,21.7952,0.05,0.9024,0.9024,1,1,0.3013,0.6987,0.1603,0.0363,0.007,0.0,0.0,0.0,0.0,0.0,0.0,0.0,0.0,0.0,0.0,0.0,0.0,0.0,0.0,0.0,0.0,0.0,,,morning,2026-05-30T22:47:50Z,6233da92#phase10c,30c4e23e-47a2-4ac0-bf0b-c3c6422ca067,ok,0.0,high,full,current_phase8,fallback_used,projected,derived_from_projected_minutes,bdl_plus_nba_official,2026-05-30T22:46:57Z,projected,not_available_yet,bdl_lineup_freshness_manifest,2026-05-30T21:12:58Z,model_grid
Dylan Harper,1057262518,SAS,OKC,False,21713534,stl,19.5,19.5,stat_grid:hurdle_v1+role_aware_pmf_cal_v1:rotation+monotone_pit_cdf_v1+sparse_hurdle_guarded,phase8_role_aware_pmf_cal_v1+monotone_inactive_global_v1,role_aware_pmf_cal_v1,rotation,derived_from_projected_minutes,22.0703,21.7952,0.05,0.9024,0.9024,1,1,0.3013,0.6987,0.1603,0.0363,0.007,0.0,0.0,0.0,0.0,0.0,0.0,0.0,0.0,0.0,0.0,0.0,0.0,0.0,0.0,0.0,0.0,0.0,,,morning,2026-05-30T22:47:50Z,6233da92#phase10c,30c4e23e-47a2-4ac0-bf0b-c3c6422ca067,ok,0.0,high,full,current_phase8,fallback_used,projected,derived_from_projected_minutes,bdl_plus_nba_official,2026-05-30T22:46:57Z,projected,not_available_yet,bdl_lineup_freshness_manifest,2026-05-30T21:12:58Z,model_grid
Dylan Harper,1057262518,SAS,OKC,False,21713534,blk,0.5,0.5,stat_grid:hurdle_v1+role_aware_pmf_cal_v1:rotation+monotone_pit_cdf_v1+sparse_hurdle_guarded,phase8_role_aware_pmf_cal_v1+monotone_inactive_global_v1,role_aware_pmf_cal_v1,rotation,derived_from_projected_minutes,22.0703,21.7952,0.05,0.2811,0.2811,0,0,0.7845,0.2155,0.0536,0.0101,0.0019,0.0,0.0,0.0,0.0,0.0,0.0,0.0,0.0,0.0,0.0,0.0,0.0,0.0,0.0,0.0,0.0,0.2155,364.0,-364.0,morning,2026-05-30T22:47:50Z,6233da92#phase10c,30c4e23e-47a2-4ac0-bf0b-c3c6422ca067,ok,0.0,high,full,current_phase8,fallback_used,projected,derived_from_projected_minutes,bdl_plus_nba_official,2026-05-30T22:46:57Z,projected,not_available_yet,bdl_lineup_freshness_manifest,2026-05-30T21:12:58Z,model_grid
Dylan Harper,1057262518,SAS,OKC,False,21713534,blk,1.5,1.5,stat_grid:hurdle_v1+role_aware_pmf_cal_v1:rotation+monotone_pit_cdf_v1+sparse_hurdle_guarded,phase8_role_aware_pmf_cal_v1+monotone_inactive_global_v1,role_aware_pmf_cal_v1,rotation,derived_from_projected_minutes,22.0703,21.7952,0.05,0.2811,0.2811,0,0,0.7845,0.2155,0.0536,0.0101,0.0019,0.0,0.0,0.0,0.0,0.0,0.0,0.0,0.0,0.0,0.0,0.0,0.0,0.0,0.0,0.0,0.0,0.0536,1766.0,-1766.0,morning,2026-05-30T22:47:50Z,6233da92#phase10c,30c4e23e-47a2-4ac0-bf0b-c3c6422ca067,ok,0.0,high,full,current_phase8,fallback_used,projected,derived_from_projected_minutes,bdl_plus_nba_official,2026-05-30T22:46:57Z,projected,not_available_yet,bdl_lineup_freshness_manifest,2026-05-30T21:12:58Z,model_grid
Dylan Harper,1057262518,SAS,OKC,False,21713534,blk,2.5,2.5,stat_grid:hurdle_v1+role_aware_pmf_cal_v1:rotation+monotone_pit_cdf_v1+sparse_hurdle_guarded,phase8_role_aware_pmf_cal_v1+monotone_inactive_global_v1,role_aware_pmf_cal_v1,rotation,derived_from_projected_minutes,22.0703,21.7952,0.05,0.2811,0.2811,0,0,0.7845,0.2155,0.0536,0.0101,0.0019,0.0,0.0,0.0,0.0,0.0,0.0,0.0,0.0,0.0,0.0,0.0,0.0,0.0,0.0,0.0,0.0,0.0101,9791.0,-9791.0,morning,2026-05-30T22:47:50Z,6233da92#phase10c,30c4e23e-47a2-4ac0-bf0b-c3c6422ca067,ok,0.0,high,full,current_phase8,fallback_used,projected,derived_from_projected_minutes,bdl_plus_nba_official,2026-05-30T22:46:57Z,projected,not_available_yet,bdl_lineup_freshness_manifest,2026-05-30T21:12:58Z,model_grid
Dylan Harper,1057262518,SAS,OKC,False,21713534,blk,3.5,3.5,stat_grid:hurdle_v1+role_aware_pmf_cal_v1:rotation+monotone_pit_cdf_v1+sparse_hurdle_guarded,phase8_role_aware_pmf_cal_v1+monotone_inactive_global_v1,role_aware_pmf_cal_v1,rotation,derived_from_projected_minutes,22.0703,21.7952,0.05,0.2811,0.2811,0,0,0.7845,0.2155,0.0536,0.0101,0.0019,0.0,0.0,0.0,0.0,0.0,0.0,0.0,0.0,0.0,0.0,0.0,0.0,0.0,0.0,0.0,0.0,0.0019,53407.0,-53407.0,morning,2026-05-30T22:47:50Z,6233da92#phase10c,30c4e23e-47a2-4ac0-bf0b-c3c6422ca067,ok,0.0,high,full,current_phase8,fallback_used,projected,derived_from_projected_minutes,bdl_plus_nba_official,2026-05-30T22:46:57Z,projected,not_available_yet,bdl_lineup_freshness_manifest,2026-05-30T21:12:58Z,model_grid
Dylan Harper,1057262518,SAS,OKC,False,21713534,blk,4.5,4.5,stat_grid:hurdle_v1+role_aware_pmf_cal_v1:rotation+monotone_pit_cdf_v1+sparse_hurdle_guarded,phase8_role_aware_pmf_cal_v1+monotone_inactive_global_v1,role_aware_pmf_cal_v1,rotation,derived_from_projected_minutes,22.0703,21.7952,0.05,0.2811,0.2811,0,0,0.7845,0.2155,0.0536,0.0101,0.0019,0.0,0.0,0.0,0.0,0.0,0.0,0.0,0.0,0.0,0.0,0.0,0.0,0.0,0.0,0.0,0.0,0.0,,,morning,2026-05-30T22:47:50Z,6233da92#phase10c,30c4e23e-47a2-4ac0-bf0b-c3c6422ca067,ok,0.0,high,full,current_phase8,fallback_used,projected,derived_from_projected_minutes,bdl_plus_nba_official,2026-05-30T22:46:57Z,projected,not_available_yet,bdl_lineup_freshness_manifest,2026-05-30T21:12:58Z,model_grid
Dylan Harper,1057262518,SAS,OKC,False,21713534,blk,5.5,5.5,stat_grid:hurdle_v1+role_aware_pmf_cal_v1:rotation+monotone_pit_cdf_v1+sparse_hurdle_guarded,phase8_role_aware_pmf_cal_v1+monotone_inactive_global_v1,role_aware_pmf_cal_v1,rotation,derived_from_projected_minutes,22.0703,21.7952,0.05,0.2811,0.2811,0,0,0.7845,0.2155,0.0536,0.0101,0.0019,0.0,0.0,0.0,0.0,0.0,0.0,0.0,0.0,0.0,0.0,0.0,0.0,0.0,0.0,0.0,0.0,0.0,,,morning,2026-05-30T22:47:50Z,6233da92#phase10c,30c4e23e-47a2-4ac0-bf0b-c3c6422ca067,ok,0.0,high,full,current_phase8,fallback_used,projected,derived_from_projected_minutes,bdl_plus_nba_official,2026-05-30T22:46:57Z,projected,not_available_yet,bdl_lineup_freshness_manifest,2026-05-30T21:12:58Z,model_grid
Dylan Harper,1057262518,SAS,OKC,False,21713534,blk,6.5,6.5,stat_grid:hurdle_v1+role_aware_pmf_cal_v1:rotation+monotone_pit_cdf_v1+sparse_hurdle_guarded,phase8_role_aware_pmf_cal_v1+monotone_inactive_global_v1,role_aware_pmf_cal_v1,rotation,derived_from_projected_minutes,22.0703,21.7952,0.05,0.2811,0.2811,0,0,0.7845,0.2155,0.0536,0.0101,0.0019,0.0,0.0,0.0,0.0,0.0,0.0,0.0,0.0,0.0,0.0,0.0,0.0,0.0,0.0,0.0,0.0,0.0,,,morning,2026-05-30T22:47:50Z,6233da92#phase10c,30c4e23e-47a2-4ac0-bf0b-c3c6422ca067,ok,0.0,high,full,current_phase8,fallback_used,projected,derived_from_projected_minutes,bdl_plus_nba_official,2026-05-30T22:46:57Z,projected,not_available_yet,bdl_lineup_freshness_manifest,2026-05-30T21:12:58Z,model_grid
Dylan Harper,1057262518,SAS,OKC,False,21713534,blk,7.5,7.5,stat_grid:hurdle_v1+role_aware_pmf_cal_v1:rotation+monotone_pit_cdf_v1+sparse_hurdle_guarded,phase8_role_aware_pmf_cal_v1+monotone_inactive_global_v1,role_aware_pmf_cal_v1,rotation,derived_from_projected_minutes,22.0703,21.7952,0.05,0.2811,0.2811,0,0,0.7845,0.2155,0.0536,0.0101,0.0019,0.0,0.0,0.0,0.0,0.0,0.0,0.0,0.0,0.0,0.0,0.0,0.0,0.0,0.0,0.0,0.0,0.0,,,morning,2026-05-30T22:47:50Z,6233da92#phase10c,30c4e23e-47a2-4ac0-bf0b-c3c6422ca067,ok,0.0,high,full,current_phase8,fallback_used,projected,derived_from_projected_minutes,bdl_plus_nba_official,2026-05-30T22:46:57Z,projected,not_available_yet,bdl_lineup_freshness_manifest,2026-05-30T21:12:58Z,model_grid
Dylan Harper,1057262518,SAS,OKC,False,21713534,blk,8.5,8.5,stat_grid:hurdle_v1+role_aware_pmf_cal_v1:rotation+monotone_pit_cdf_v1+sparse_hurdle_guarded,phase8_role_aware_pmf_cal_v1+monotone_inactive_global_v1,role_aware_pmf_cal_v1,rotation,derived_from_projected_minutes,22.0703,21.7952,0.05,0.2811,0.2811,0,0,0.7845,0.2155,0.0536,0.0101,0.0019,0.0,0.0,0.0,0.0,0.0,0.0,0.0,0.0,0.0,0.0,0.0,0.0,0.0,0.0,0.0,0.0,0.0,,,morning,2026-05-30T22:47:50Z,6233da92#phase10c,30c4e23e-47a2-4ac0-bf0b-c3c6422ca067,ok,0.0,high,full,current_phase8,fallback_used,projected,derived_from_projected_minutes,bdl_plus_nba_official,2026-05-30T22:46:57Z,projected,not_available_yet,bdl_lineup_freshness_manifest,2026-05-30T21:12:58Z,model_grid
Dylan Harper,1057262518,SAS,OKC,False,21713534,blk,9.5,9.5,stat_grid:hurdle_v1+role_aware_pmf_cal_v1:rotation+monotone_pit_cdf_v1+sparse_hurdle_guarded,phase8_role_aware_pmf_cal_v1+monotone_inactive_global_v1,role_aware_pmf_cal_v1,rotation,derived_from_projected_minutes,22.0703,21.7952,0.05,0.2811,0.2811,0,0,0.7845,0.2155,0.0536,0.0101,0.0019,0.0,0.0,0.0,0.0,0.0,0.0,0.0,0.0,0.0,0.0,0.0,0.0,0.0,0.0,0.0,0.0,0.0,,,morning,2026-05-30T22:47:50Z,6233da92#phase10c,30c4e23e-47a2-4ac0-bf0b-c3c6422ca067,ok,0.0,high,full,current_phase8,fallback_used,projected,derived_from_projected_minutes,bdl_plus_nba_official,2026-05-30T22:46:57Z,projected,not_available_yet,bdl_lineup_freshness_manifest,2026-05-30T21:12:58Z,model_grid
Dylan Harper,1057262518,SAS,OKC,False,21713534,blk,10.5,10.5,stat_grid:hurdle_v1+role_aware_pmf_cal_v1:rotation+monotone_pit_cdf_v1+sparse_hurdle_guarded,phase8_role_aware_pmf_cal_v1+monotone_inactive_global_v1,role_aware_pmf_cal_v1,rotation,derived_from_projected_minutes,22.0703,21.7952,0.05,0.2811,0.2811,0,0,0.7845,0.2155,0.0536,0.0101,0.0019,0.0,0.0,0.0,0.0,0.0,0.0,0.0,0.0,0.0,0.0,0.0,0.0,0.0,0.0,0.0,0.0,0.0,,,morning,2026-05-30T22:47:50Z,6233da92#phase10c,30c4e23e-47a2-4ac0-bf0b-c3c6422ca067,ok,0.0,high,full,current_phase8,fallback_used,projected,derived_from_projected_minutes,bdl_plus_nba_official,2026-05-30T22:46:57Z,projected,not_available_yet,bdl_lineup_freshness_manifest,2026-05-30T21:12:58Z,model_grid
Dylan Harper,1057262518,SAS,OKC,False,21713534,blk,11.5,11.5,stat_grid:hurdle_v1+role_aware_pmf_cal_v1:rotation+monotone_pit_cdf_v1+sparse_hurdle_guarded,phase8_role_aware_pmf_cal_v1+monotone_inactive_global_v1,role_aware_pmf_cal_v1,rotation,derived_from_projected_minutes,22.0703,21.7952,0.05,0.2811,0.2811,0,0,0.7845,0.2155,0.0536,0.0101,0.0019,0.0,0.0,0.0,0.0,0.0,0.0,0.0,0.0,0.0,0.0,0.0,0.0,0.0,0.0,0.0,0.0,0.0,,,morning,2026-05-30T22:47:50Z,6233da92#phase10c,30c4e23e-47a2-4ac0-bf0b-c3c6422ca067,ok,0.0,high,full,current_phase8,fallback_used,projected,derived_from_projected_minutes,bdl_plus_nba_official,2026-05-30T22:46:57Z,projected,not_available_yet,bdl_lineup_freshness_manifest,2026-05-30T21:12:58Z,model_grid
Dylan Harper,1057262518,SAS,OKC,False,21713534,blk,12.5,12.5,stat_grid:hurdle_v1+role_aware_pmf_cal_v1:rotation+monotone_pit_cdf_v1+sparse_hurdle_guarded,phase8_role_aware_pmf_cal_v1+monotone_inactive_global_v1,role_aware_pmf_cal_v1,rotation,derived_from_projected_minutes,22.0703,21.7952,0.05,0.2811,0.2811,0,0,0.7845,0.2155,0.0536,0.0101,0.0019,0.0,0.0,0.0,0.0,0.0,0.0,0.0,0.0,0.0,0.0,0.0,0.0,0.0,0.0,0.0,0.0,0.0,,,morning,2026-05-30T22:47:50Z,6233da92#phase10c,30c4e23e-47a2-4ac0-bf0b-c3c6422ca067,ok,0.0,high,full,current_phase8,fallback_used,projected,derived_from_projected_minutes,bdl_plus_nba_official,2026-05-30T22:46:57Z,projected,not_available_yet,bdl_lineup_freshness_manifest,2026-05-30T21:12:58Z,model_grid
Dylan Harper,1057262518,SAS,OKC,False,21713534,blk,13.5,13.5,stat_grid:hurdle_v1+role_aware_pmf_cal_v1:rotation+monotone_pit_cdf_v1+sparse_hurdle_guarded,phase8_role_aware_pmf_cal_v1+monotone_inactive_global_v1,role_aware_pmf_cal_v1,rotation,derived_from_projected_minutes,22.0703,21.7952,0.05,0.2811,0.2811,0,0,0.7845,0.2155,0.0536,0.0101,0.0019,0.0,0.0,0.0,0.0,0.0,0.0,0.0,0.0,0.0,0.0,0.0,0.0,0.0,0.0,0.0,0.0,0.0,,,morning,2026-05-30T22:47:50Z,6233da92#phase10c,30c4e23e-47a2-4ac0-bf0b-c3c6422ca067,ok,0.0,high,full,current_phase8,fallback_used,projected,derived_from_projected_minutes,bdl_plus_nba_official,2026-05-30T22:46:57Z,projected,not_available_yet,bdl_lineup_freshness_manifest,2026-05-30T21:12:58Z,model_grid
Dylan Harper,1057262518,SAS,OKC,False,21713534,blk,14.5,14.5,stat_grid:hurdle_v1+role_aware_pmf_cal_v1:rotation+monotone_pit_cdf_v1+sparse_hurdle_guarded,phase8_role_aware_pmf_cal_v1+monotone_inactive_global_v1,role_aware_pmf_cal_v1,rotation,derived_from_projected_minutes,22.0703,21.7952,0.05,0.2811,0.2811,0,0,0.7845,0.2155,0.0536,0.0101,0.0019,0.0,0.0,0.0,0.0,0.0,0.0,0.0,0.0,0.0,0.0,0.0,0.0,0.0,0.0,0.0,0.0,0.0,,,morning,2026-05-30T22:47:50Z,6233da92#phase10c,30c4e23e-47a2-4ac0-bf0b-c3c6422ca067,ok,0.0,high,full,current_phase8,fallback_used,projected,derived_from_projected_minutes,bdl_plus_nba_official,2026-05-30T22:46:57Z,projected,not_available_yet,bdl_lineup_freshness_manifest,2026-05-30T21:12:58Z,model_grid
Dylan Harper,1057262518,SAS,OKC,False,21713534,blk,15.5,15.5,stat_grid:hurdle_v1+role_aware_pmf_cal_v1:rotation+monotone_pit_cdf_v1+sparse_hurdle_guarded,phase8_role_aware_pmf_cal_v1+monotone_inactive_global_v1,role_aware_pmf_cal_v1,rotation,derived_from_projected_minutes,22.0703,21.7952,0.05,0.2811,0.2811,0,0,0.7845,0.2155,0.0536,0.0101,0.0019,0.0,0.0,0.0,0.0,0.0,0.0,0.0,0.0,0.0,0.0,0.0,0.0,0.0,0.0,0.0,0.0,0.0,,,morning,2026-05-30T22:47:50Z,6233da92#phase10c,30c4e23e-47a2-4ac0-bf0b-c3c6422ca067,ok,0.0,high,full,current_phase8,fallback_used,projected,derived_from_projected_minutes,bdl_plus_nba_official,2026-05-30T22:46:57Z,projected,not_available_yet,bdl_lineup_freshness_manifest,2026-05-30T21:12:58Z,model_grid
Dylan Harper,1057262518,SAS,OKC,False,21713534,blk,16.5,16.5,stat_grid:hurdle_v1+role_aware_pmf_cal_v1:rotation+monotone_pit_cdf_v1+sparse_hurdle_guarded,phase8_role_aware_pmf_cal_v1+monotone_inactive_global_v1,role_aware_pmf_cal_v1,rotation,derived_from_projected_minutes,22.0703,21.7952,0.05,0.2811,0.2811,0,0,0.7845,0.2155,0.0536,0.0101,0.0019,0.0,0.0,0.0,0.0,0.0,0.0,0.0,0.0,0.0,0.0,0.0,0.0,0.0,0.0,0.0,0.0,0.0,,,morning,2026-05-30T22:47:50Z,6233da92#phase10c,30c4e23e-47a2-4ac0-bf0b-c3c6422ca067,ok,0.0,high,full,current_phase8,fallback_used,projected,derived_from_projected_minutes,bdl_plus_nba_official,2026-05-30T22:46:57Z,projected,not_available_yet,bdl_lineup_freshness_manifest,2026-05-30T21:12:58Z,model_grid
Dylan Harper,1057262518,SAS,OKC,False,21713534,blk,17.5,17.5,stat_grid:hurdle_v1+role_aware_pmf_cal_v1:rotation+monotone_pit_cdf_v1+sparse_hurdle_guarded,phase8_role_aware_pmf_cal_v1+monotone_inactive_global_v1,role_aware_pmf_cal_v1,rotation,derived_from_projected_minutes,22.0703,21.7952,0.05,0.2811,0.2811,0,0,0.7845,0.2155,0.0536,0.0101,0.0019,0.0,0.0,0.0,0.0,0.0,0.0,0.0,0.0,0.0,0.0,0.0,0.0,0.0,0.0,0.0,0.0,0.0,,,morning,2026-05-30T22:47:50Z,6233da92#phase10c,30c4e23e-47a2-4ac0-bf0b-c3c6422ca067,ok,0.0,high,full,current_phase8,fallback_used,projected,derived_from_projected_minutes,bdl_plus_nba_official,2026-05-30T22:46:57Z,projected,not_available_yet,bdl_lineup_freshness_manifest,2026-05-30T21:12:58Z,model_grid
Dylan Harper,1057262518,SAS,OKC,False,21713534,blk,18.5,18.5,stat_grid:hurdle_v1+role_aware_pmf_cal_v1:rotation+monotone_pit_cdf_v1+sparse_hurdle_guarded,phase8_role_aware_pmf_cal_v1+monotone_inactive_global_v1,role_aware_pmf_cal_v1,rotation,derived_from_projected_minutes,22.0703,21.7952,0.05,0.2811,0.2811,0,0,0.7845,0.2155,0.0536,0.0101,0.0019,0.0,0.0,0.0,0.0,0.0,0.0,0.0,0.0,0.0,0.0,0.0,0.0,0.0,0.0,0.0,0.0,0.0,,,morning,2026-05-30T22:47:50Z,6233da92#phase10c,30c4e23e-47a2-4ac0-bf0b-c3c6422ca067,ok,0.0,high,full,current_phase8,fallback_used,projected,derived_from_projected_minutes,bdl_plus_nba_official,2026-05-30T22:46:57Z,projected,not_available_yet,bdl_lineup_freshness_manifest,2026-05-30T21:12:58Z,model_grid
Dylan Harper,1057262518,SAS,OKC,False,21713534,blk,19.5,19.5,stat_grid:hurdle_v1+role_aware_pmf_cal_v1:rotation+monotone_pit_cdf_v1+sparse_hurdle_guarded,phase8_role_aware_pmf_cal_v1+monotone_inactive_global_v1,role_aware_pmf_cal_v1,rotation,derived_from_projected_minutes,22.0703,21.7952,0.05,0.2811,0.2811,0,0,0.7845,0.2155,0.0536,0.0101,0.0019,0.0,0.0,0.0,0.0,0.0,0.0,0.0,0.0,0.0,0.0,0.0,0.0,0.0,0.0,0.0,0.0,0.0,,,morning,2026-05-30T22:47:50Z,6233da92#phase10c,30c4e23e-47a2-4ac0-bf0b-c3c6422ca067,ok,0.0,high,full,current_phase8,fallback_used,projected,derived_from_projected_minutes,bdl_plus_nba_official,2026-05-30T22:46:57Z,projected,not_available_yet,bdl_lineup_freshness_manifest,2026-05-30T21:12:58Z,model_grid
Dylan Harper,1057262518,SAS,OKC,False,21713534,stocks,0.5,0.5,"stat_grid:component_convolution_mean_coherent_v1+components[stl:hurdle_v1+role_aware_pmf_cal_v1:rotation+monotone_pit_cdf_v1+sparse_hurdle_guarded,blk:hurdle_v1+role_aware_pmf_cal_v1:rotation+monotone_pit_cdf_v1+sparse_hurdle_guarded]+prior_combo[joint_sampler_v1+joint_combo_pmf_v1+role_aware_pmf_cal_v1:rotation+monotone_pit_cdf_v1+sparse_hurdle_guarded]+stat_grid_final_component_convolution_mean_coherent_v1",phase8_role_aware_pmf_cal_v1+monotone_inactive_global_v1,phase8_pmf_cal,rotation,derived_from_projected_minutes,22.0703,21.7952,0.05,1.1835,1.1835,1,1,0.2364,0.7636,0.2925,0.0949,0.026,0.0053,0.0009,0.0001,0.0,0.0,0.0,0.0,0.0,0.0,0.0,0.0,0.0,0.0,0.0,0.0,0.0,0.7636,-323.0,323.0,morning,2026-05-30T22:47:50Z,6233da92#phase10c,30c4e23e-47a2-4ac0-bf0b-c3c6422ca067,ok,0.0,high,full,current_phase8,fallback_used,projected,derived_from_projected_minutes,bdl_plus_nba_official,2026-05-30T22:46:57Z,projected,not_available_yet,bdl_lineup_freshness_manifest,2026-05-30T21:12:58Z,model_grid
Dylan Harper,1057262518,SAS,OKC,False,21713534,stocks,1.5,1.5,"stat_grid:component_convolution_mean_coherent_v1+components[stl:hurdle_v1+role_aware_pmf_cal_v1:rotation+monotone_pit_cdf_v1+sparse_hurdle_guarded,blk:hurdle_v1+role_aware_pmf_cal_v1:rotation+monotone_pit_cdf_v1+sparse_hurdle_guarded]+prior_combo[joint_sampler_v1+joint_combo_pmf_v1+role_aware_pmf_cal_v1:rotation+monotone_pit_cdf_v1+sparse_hurdle_guarded]+stat_grid_final_component_convolution_mean_coherent_v1",phase8_role_aware_pmf_cal_v1+monotone_inactive_global_v1,phase8_pmf_cal,rotation,derived_from_projected_minutes,22.0703,21.7952,0.05,1.1835,1.1835,1,1,0.2364,0.7636,0.2925,0.0949,0.026,0.0053,0.0009,0.0001,0.0,0.0,0.0,0.0,0.0,0.0,0.0,0.0,0.0,0.0,0.0,0.0,0.0,0.2925,242.0,-242.0,morning,2026-05-30T22:47:50Z,6233da92#phase10c,30c4e23e-47a2-4ac0-bf0b-c3c6422ca067,ok,0.0,high,full,current_phase8,fallback_used,projected,derived_from_projected_minutes,bdl_plus_nba_official,2026-05-30T22:46:57Z,projected,not_available_yet,bdl_lineup_freshness_manifest,2026-05-30T21:12:58Z,model_grid
Dylan Harper,1057262518,SAS,OKC,False,21713534,stocks,2.5,2.5,"stat_grid:component_convolution_mean_coherent_v1+components[stl:hurdle_v1+role_aware_pmf_cal_v1:rotation+monotone_pit_cdf_v1+sparse_hurdle_guarded,blk:hurdle_v1+role_aware_pmf_cal_v1:rotation+monotone_pit_cdf_v1+sparse_hurdle_guarded]+prior_combo[joint_sampler_v1+joint_combo_pmf_v1+role_aware_pmf_cal_v1:rotation+monotone_pit_cdf_v1+sparse_hurdle_guarded]+stat_grid_final_component_convolution_mean_coherent_v1",phase8_role_aware_pmf_cal_v1+monotone_inactive_global_v1,phase8_pmf_cal,rotation,derived_from_projected_minutes,22.0703,21.7952,0.05,1.1835,1.1835,1,1,0.2364,0.7636,0.2925,0.0949,0.026,0.0053,0.0009,0.0001,0.0,0.0,0.0,0.0,0.0,0.0,0.0,0.0,0.0,0.0,0.0,0.0,0.0,0.0949,953.0,-953.0,morning,2026-05-30T22:47:50Z,6233da92#phase10c,30c4e23e-47a2-4ac0-bf0b-c3c6422ca067,ok,0.0,high,full,current_phase8,fallback_used,projected,derived_from_projected_minutes,bdl_plus_nba_official,2026-05-30T22:46:57Z,projected,not_available_yet,bdl_lineup_freshness_manifest,2026-05-30T21:12:58Z,model_grid
Dylan Harper,1057262518,SAS,OKC,False,21713534,stocks,3.5,3.5,"stat_grid:component_convolution_mean_coherent_v1+components[stl:hurdle_v1+role_aware_pmf_cal_v1:rotation+monotone_pit_cdf_v1+sparse_hurdle_guarded,blk:hurdle_v1+role_aware_pmf_cal_v1:rotation+monotone_pit_cdf_v1+sparse_hurdle_guarded]+prior_combo[joint_sampler_v1+joint_combo_pmf_v1+role_aware_pmf_cal_v1:rotation+monotone_pit_cdf_v1+sparse_hurdle_guarded]+stat_grid_final_component_convolution_mean_coherent_v1",phase8_role_aware_pmf_cal_v1+monotone_inactive_global_v1,phase8_pmf_cal,rotation,derived_from_projected_minutes,22.0703,21.7952,0.05,1.1835,1.1835,1,1,0.2364,0.7636,0.2925,0.0949,0.026,0.0053,0.0009,0.0001,0.0,0.0,0.0,0.0,0.0,0.0,0.0,0.0,0.0,0.0,0.0,0.0,0.0,0.026,3750.0,-3750.0,morning,2026-05-30T22:47:50Z,6233da92#phase10c,30c4e23e-47a2-4ac0-bf0b-c3c6422ca067,ok,0.0,high,full,current_phase8,fallback_used,projected,derived_from_projected_minutes,bdl_plus_nba_official,2026-05-30T22:46:57Z,projected,not_available_yet,bdl_lineup_freshness_manifest,2026-05-30T21:12:58Z,model_grid
Dylan Harper,1057262518,SAS,OKC,False,21713534,stocks,4.5,4.5,"stat_grid:component_convolution_mean_coherent_v1+components[stl:hurdle_v1+role_aware_pmf_cal_v1:rotation+monotone_pit_cdf_v1+sparse_hurdle_guarded,blk:hurdle_v1+role_aware_pmf_cal_v1:rotation+monotone_pit_cdf_v1+sparse_hurdle_guarded]+prior_combo[joint_sampler_v1+joint_combo_pmf_v1+role_aware_pmf_cal_v1:rotation+monotone_pit_cdf_v1+sparse_hurdle_guarded]+stat_grid_final_component_convolution_mean_coherent_v1",phase8_role_aware_pmf_cal_v1+monotone_inactive_global_v1,phase8_pmf_cal,rotation,derived_from_projected_minutes,22.0703,21.7952,0.05,1.1835,1.1835,1,1,0.2364,0.7636,0.2925,0.0949,0.026,0.0053,0.0009,0.0001,0.0,0.0,0.0,0.0,0.0,0.0,0.0,0.0,0.0,0.0,0.0,0.0,0.0,0.0053,18624.0,-18624.0,morning,2026-05-30T22:47:50Z,6233da92#phase10c,30c4e23e-47a2-4ac0-bf0b-c3c6422ca067,ok,0.0,high,full,current_phase8,fallback_used,projected,derived_from_projected_minutes,bdl_plus_nba_official,2026-05-30T22:46:57Z,projected,not_available_yet,bdl_lineup_freshness_manifest,2026-05-30T21:12:58Z,model_grid
Dylan Harper,1057262518,SAS,OKC,False,21713534,stocks,5.5,5.5,"stat_grid:component_convolution_mean_coherent_v1+components[stl:hurdle_v1+role_aware_pmf_cal_v1:rotation+monotone_pit_cdf_v1+sparse_hurdle_guarded,blk:hurdle_v1+role_aware_pmf_cal_v1:rotation+monotone_pit_cdf_v1+sparse_hurdle_guarded]+prior_combo[joint_sampler_v1+joint_combo_pmf_v1+role_aware_pmf_cal_v1:rotation+monotone_pit_cdf_v1+sparse_hurdle_guarded]+stat_grid_final_component_convolution_mean_coherent_v1",phase8_role_aware_pmf_cal_v1+monotone_inactive_global_v1,phase8_pmf_cal,rotation,derived_from_projected_minutes,22.0703,21.7952,0.05,1.1835,1.1835,1,1,0.2364,0.7636,0.2925,0.0949,0.026,0.0053,0.0009,0.0001,0.0,0.0,0.0,0.0,0.0,0.0,0.0,0.0,0.0,0.0,0.0,0.0,0.0,0.0009,110579.0,-110579.0,morning,2026-05-30T22:47:50Z,6233da92#phase10c,30c4e23e-47a2-4ac0-bf0b-c3c6422ca067,ok,0.0,high,full,current_phase8,fallback_used,projected,derived_from_projected_minutes,bdl_plus_nba_official,2026-05-30T22:46:57Z,projected,not_available_yet,bdl_lineup_freshness_manifest,2026-05-30T21:12:58Z,model_grid
Dylan Harper,1057262518,SAS,OKC,False,21713534,stocks,6.5,6.5,"stat_grid:component_convolution_mean_coherent_v1+components[stl:hurdle_v1+role_aware_pmf_cal_v1:rotation+monotone_pit_cdf_v1+sparse_hurdle_guarded,blk:hurdle_v1+role_aware_pmf_cal_v1:rotation+monotone_pit_cdf_v1+sparse_hurdle_guarded]+prior_combo[joint_sampler_v1+joint_combo_pmf_v1+role_aware_pmf_cal_v1:rotation+monotone_pit_cdf_v1+sparse_hurdle_guarded]+stat_grid_final_component_convolution_mean_coherent_v1",phase8_role_aware_pmf_cal_v1+monotone_inactive_global_v1,phase8_pmf_cal,rotation,derived_from_projected_minutes,22.0703,21.7952,0.05,1.1835,1.1835,1,1,0.2364,0.7636,0.2925,0.0949,0.026,0.0053,0.0009,0.0001,0.0,0.0,0.0,0.0,0.0,0.0,0.0,0.0,0.0,0.0,0.0,0.0,0.0,0.0001,795953.0,-795953.0,morning,2026-05-30T22:47:50Z,6233da92#phase10c,30c4e23e-47a2-4ac0-bf0b-c3c6422ca067,ok,0.0,high,full,current_phase8,fallback_used,projected,derived_from_projected_minutes,bdl_plus_nba_official,2026-05-30T22:46:57Z,projected,not_available_yet,bdl_lineup_freshness_manifest,2026-05-30T21:12:58Z,model_grid
Dylan Harper,1057262518,SAS,OKC,False,21713534,stocks,7.5,7.5,"stat_grid:component_convolution_mean_coherent_v1+components[stl:hurdle_v1+role_aware_pmf_cal_v1:rotation+monotone_pit_cdf_v1+sparse_hurdle_guarded,blk:hurdle_v1+role_aware_pmf_cal_v1:rotation+monotone_pit_cdf_v1+sparse_hurdle_guarded]+prior_combo[joint_sampler_v1+joint_combo_pmf_v1+role_aware_pmf_cal_v1:rotation+monotone_pit_cdf_v1+sparse_hurdle_guarded]+stat_grid_final_component_convolution_mean_coherent_v1",phase8_role_aware_pmf_cal_v1+monotone_inactive_global_v1,phase8_pmf_cal,rotation,derived_from_projected_minutes,22.0703,21.7952,0.05,1.1835,1.1835,1,1,0.2364,0.7636,0.2925,0.0949,0.026,0.0053,0.0009,0.0001,0.0,0.0,0.0,0.0,0.0,0.0,0.0,0.0,0.0,0.0,0.0,0.0,0.0,0.0,7638634.0,-7638634.0,morning,2026-05-30T22:47:50Z,6233da92#phase10c,30c4e23e-47a2-4ac0-bf0b-c3c6422ca067,ok,0.0,high,full,current_phase8,fallback_used,projected,derived_from_projected_minutes,bdl_plus_nba_official,2026-05-30T22:46:57Z,projected,not_available_yet,bdl_lineup_freshness_manifest,2026-05-30T21:12:58Z,model_grid
Dylan Harper,1057262518,SAS,OKC,False,21713534,stocks,8.5,8.5,"stat_grid:component_convolution_mean_coherent_v1+components[stl:hurdle_v1+role_aware_pmf_cal_v1:rotation+monotone_pit_cdf_v1+sparse_hurdle_guarded,blk:hurdle_v1+role_aware_pmf_cal_v1:rotation+monotone_pit_cdf_v1+sparse_hurdle_guarded]+prior_combo[joint_sampler_v1+joint_combo_pmf_v1+role_aware_pmf_cal_v1:rotation+monotone_pit_cdf_v1+sparse_hurdle_guarded]+stat_grid_final_component_convolution_mean_coherent_v1",phase8_role_aware_pmf_cal_v1+monotone_inactive_global_v1,phase8_pmf_cal,rotation,derived_from_projected_minutes,22.0703,21.7952,0.05,1.1835,1.1835,1,1,0.2364,0.7636,0.2925,0.0949,0.026,0.0053,0.0009,0.0001,0.0,0.0,0.0,0.0,0.0,0.0,0.0,0.0,0.0,0.0,0.0,0.0,0.0,0.0,,,morning,2026-05-30T22:47:50Z,6233da92#phase10c,30c4e23e-47a2-4ac0-bf0b-c3c6422ca067,ok,0.0,high,full,current_phase8,fallback_used,projected,derived_from_projected_minutes,bdl_plus_nba_official,2026-05-30T22:46:57Z,projected,not_available_yet,bdl_lineup_freshness_manifest,2026-05-30T21:12:58Z,model_grid
Dylan Harper,1057262518,SAS,OKC,False,21713534,stocks,9.5,9.5,"stat_grid:component_convolution_mean_coherent_v1+components[stl:hurdle_v1+role_aware_pmf_cal_v1:rotation+monotone_pit_cdf_v1+sparse_hurdle_guarded,blk:hurdle_v1+role_aware_pmf_cal_v1:rotation+monotone_pit_cdf_v1+sparse_hurdle_guarded]+prior_combo[joint_sampler_v1+joint_combo_pmf_v1+role_aware_pmf_cal_v1:rotation+monotone_pit_cdf_v1+sparse_hurdle_guarded]+stat_grid_final_component_convolution_mean_coherent_v1",phase8_role_aware_pmf_cal_v1+monotone_inactive_global_v1,phase8_pmf_cal,rotation,derived_from_projected_minutes,22.0703,21.7952,0.05,1.1835,1.1835,1,1,0.2364,0.7636,0.2925,0.0949,0.026,0.0053,0.0009,0.0001,0.0,0.0,0.0,0.0,0.0,0.0,0.0,0.0,0.0,0.0,0.0,0.0,0.0,0.0,,,morning,2026-05-30T22:47:50Z,6233da92#phase10c,30c4e23e-47a2-4ac0-bf0b-c3c6422ca067,ok,0.0,high,full,current_phase8,fallback_used,projected,derived_from_projected_minutes,bdl_plus_nba_official,2026-05-30T22:46:57Z,projected,not_available_yet,bdl_lineup_freshness_manifest,2026-05-30T21:12:58Z,model_grid
Dylan Harper,1057262518,SAS,OKC,False,21713534,stocks,10.5,10.5,"stat_grid:component_convolution_mean_coherent_v1+components[stl:hurdle_v1+role_aware_pmf_cal_v1:rotation+monotone_pit_cdf_v1+sparse_hurdle_guarded,blk:hurdle_v1+role_aware_pmf_cal_v1:rotation+monotone_pit_cdf_v1+sparse_hurdle_guarded]+prior_combo[joint_sampler_v1+joint_combo_pmf_v1+role_aware_pmf_cal_v1:rotation+monotone_pit_cdf_v1+sparse_hurdle_guarded]+stat_grid_final_component_convolution_mean_coherent_v1",phase8_role_aware_pmf_cal_v1+monotone_inactive_global_v1,phase8_pmf_cal,rotation,derived_from_projected_minutes,22.0703,21.7952,0.05,1.1835,1.1835,1,1,0.2364,0.7636,0.2925,0.0949,0.026,0.0053,0.0009,0.0001,0.0,0.0,0.0,0.0,0.0,0.0,0.0,0.0,0.0,0.0,0.0,0.0,0.0,0.0,,,morning,2026-05-30T22:47:50Z,6233da92#phase10c,30c4e23e-47a2-4ac0-bf0b-c3c6422ca067,ok,0.0,high,full,current_phase8,fallback_used,projected,derived_from_projected_minutes,bdl_plus_nba_official,2026-05-30T22:46:57Z,projected,not_available_yet,bdl_lineup_freshness_manifest,2026-05-30T21:12:58Z,model_grid
Dylan Harper,1057262518,SAS,OKC,False,21713534,stocks,11.5,11.5,"stat_grid:component_convolution_mean_coherent_v1+components[stl:hurdle_v1+role_aware_pmf_cal_v1:rotation+monotone_pit_cdf_v1+sparse_hurdle_guarded,blk:hurdle_v1+role_aware_pmf_cal_v1:rotation+monotone_pit_cdf_v1+sparse_hurdle_guarded]+prior_combo[joint_sampler_v1+joint_combo_pmf_v1+role_aware_pmf_cal_v1:rotation+monotone_pit_cdf_v1+sparse_hurdle_guarded]+stat_grid_final_component_convolution_mean_coherent_v1",phase8_role_aware_pmf_cal_v1+monotone_inactive_global_v1,phase8_pmf_cal,rotation,derived_from_projected_minutes,22.0703,21.7952,0.05,1.1835,1.1835,1,1,0.2364,0.7636,0.2925,0.0949,0.026,0.0053,0.0009,0.0001,0.0,0.0,0.0,0.0,0.0,0.0,0.0,0.0,0.0,0.0,0.0,0.0,0.0,0.0,,,morning,2026-05-30T22:47:50Z,6233da92#phase10c,30c4e23e-47a2-4ac0-bf0b-c3c6422ca067,ok,0.0,high,full,current_phase8,fallback_used,projected,derived_from_projected_minutes,bdl_plus_nba_official,2026-05-30T22:46:57Z,projected,not_available_yet,bdl_lineup_freshness_manifest,2026-05-30T21:12:58Z,model_grid
Dylan Harper,1057262518,SAS,OKC,False,21713534,stocks,12.5,12.5,"stat_grid:component_convolution_mean_coherent_v1+components[stl:hurdle_v1+role_aware_pmf_cal_v1:rotation+monotone_pit_cdf_v1+sparse_hurdle_guarded,blk:hurdle_v1+role_aware_pmf_cal_v1:rotation+monotone_pit_cdf_v1+sparse_hurdle_guarded]+prior_combo[joint_sampler_v1+joint_combo_pmf_v1+role_aware_pmf_cal_v1:rotation+monotone_pit_cdf_v1+sparse_hurdle_guarded]+stat_grid_final_component_convolution_mean_coherent_v1",phase8_role_aware_pmf_cal_v1+monotone_inactive_global_v1,phase8_pmf_cal,rotation,derived_from_projected_minutes,22.0703,21.7952,0.05,1.1835,1.1835,1,1,0.2364,0.7636,0.2925,0.0949,0.026,0.0053,0.0009,0.0001,0.0,0.0,0.0,0.0,0.0,0.0,0.0,0.0,0.0,0.0,0.0,0.0,0.0,0.0,,,morning,2026-05-30T22:47:50Z,6233da92#phase10c,30c4e23e-47a2-4ac0-bf0b-c3c6422ca067,ok,0.0,high,full,current_phase8,fallback_used,projected,derived_from_projected_minutes,bdl_plus_nba_official,2026-05-30T22:46:57Z,projected,not_available_yet,bdl_lineup_freshness_manifest,2026-05-30T21:12:58Z,model_grid
Dylan Harper,1057262518,SAS,OKC,False,21713534,stocks,13.5,13.5,"stat_grid:component_convolution_mean_coherent_v1+components[stl:hurdle_v1+role_aware_pmf_cal_v1:rotation+monotone_pit_cdf_v1+sparse_hurdle_guarded,blk:hurdle_v1+role_aware_pmf_cal_v1:rotation+monotone_pit_cdf_v1+sparse_hurdle_guarded]+prior_combo[joint_sampler_v1+joint_combo_pmf_v1+role_aware_pmf_cal_v1:rotation+monotone_pit_cdf_v1+sparse_hurdle_guarded]+stat_grid_final_component_convolution_mean_coherent_v1",phase8_role_aware_pmf_cal_v1+monotone_inactive_global_v1,phase8_pmf_cal,rotation,derived_from_projected_minutes,22.0703,21.7952,0.05,1.1835,1.1835,1,1,0.2364,0.7636,0.2925,0.0949,0.026,0.0053,0.0009,0.0001,0.0,0.0,0.0,0.0,0.0,0.0,0.0,0.0,0.0,0.0,0.0,0.0,0.0,0.0,,,morning,2026-05-30T22:47:50Z,6233da92#phase10c,30c4e23e-47a2-4ac0-bf0b-c3c6422ca067,ok,0.0,high,full,current_phase8,fallback_used,projected,derived_from_projected_minutes,bdl_plus_nba_official,2026-05-30T22:46:57Z,projected,not_available_yet,bdl_lineup_freshness_manifest,2026-05-30T21:12:58Z,model_grid
Dylan Harper,1057262518,SAS,OKC,False,21713534,stocks,14.5,14.5,"stat_grid:component_convolution_mean_coherent_v1+components[stl:hurdle_v1+role_aware_pmf_cal_v1:rotation+monotone_pit_cdf_v1+sparse_hurdle_guarded,blk:hurdle_v1+role_aware_pmf_cal_v1:rotation+monotone_pit_cdf_v1+sparse_hurdle_guarded]+prior_combo[joint_sampler_v1+joint_combo_pmf_v1+role_aware_pmf_cal_v1:rotation+monotone_pit_cdf_v1+sparse_hurdle_guarded]+stat_grid_final_component_convolution_mean_coherent_v1",phase8_role_aware_pmf_cal_v1+monotone_inactive_global_v1,phase8_pmf_cal,rotation,derived_from_projected_minutes,22.0703,21.7952,0.05,1.1835,1.1835,1,1,0.2364,0.7636,0.2925,0.0949,0.026,0.0053,0.0009,0.0001,0.0,0.0,0.0,0.0,0.0,0.0,0.0,0.0,0.0,0.0,0.0,0.0,0.0,0.0,,,morning,2026-05-30T22:47:50Z,6233da92#phase10c,30c4e23e-47a2-4ac0-bf0b-c3c6422ca067,ok,0.0,high,full,current_phase8,fallback_used,projected,derived_from_projected_minutes,bdl_plus_nba_official,2026-05-30T22:46:57Z,projected,not_available_yet,bdl_lineup_freshness_manifest,2026-05-30T21:12:58Z,model_grid
Dylan Harper,1057262518,SAS,OKC,False,21713534,stocks,15.5,15.5,"stat_grid:component_convolution_mean_coherent_v1+components[stl:hurdle_v1+role_aware_pmf_cal_v1:rotation+monotone_pit_cdf_v1+sparse_hurdle_guarded,blk:hurdle_v1+role_aware_pmf_cal_v1:rotation+monotone_pit_cdf_v1+sparse_hurdle_guarded]+prior_combo[joint_sampler_v1+joint_combo_pmf_v1+role_aware_pmf_cal_v1:rotation+monotone_pit_cdf_v1+sparse_hurdle_guarded]+stat_grid_final_component_convolution_mean_coherent_v1",phase8_role_aware_pmf_cal_v1+monotone_inactive_global_v1,phase8_pmf_cal,rotation,derived_from_projected_minutes,22.0703,21.7952,0.05,1.1835,1.1835,1,1,0.2364,0.7636,0.2925,0.0949,0.026,0.0053,0.0009,0.0001,0.0,0.0,0.0,0.0,0.0,0.0,0.0,0.0,0.0,0.0,0.0,0.0,0.0,0.0,,,morning,2026-05-30T22:47:50Z,6233da92#phase10c,30c4e23e-47a2-4ac0-bf0b-c3c6422ca067,ok,0.0,high,full,current_phase8,fallback_used,projected,derived_from_projected_minutes,bdl_plus_nba_official,2026-05-30T22:46:57Z,projected,not_available_yet,bdl_lineup_freshness_manifest,2026-05-30T21:12:58Z,model_grid
Dylan Harper,1057262518,SAS,OKC,False,21713534,stocks,16.5,16.5,"stat_grid:component_convolution_mean_coherent_v1+components[stl:hurdle_v1+role_aware_pmf_cal_v1:rotation+monotone_pit_cdf_v1+sparse_hurdle_guarded,blk:hurdle_v1+role_aware_pmf_cal_v1:rotation+monotone_pit_cdf_v1+sparse_hurdle_guarded]+prior_combo[joint_sampler_v1+joint_combo_pmf_v1+role_aware_pmf_cal_v1:rotation+monotone_pit_cdf_v1+sparse_hurdle_guarded]+stat_grid_final_component_convolution_mean_coherent_v1",phase8_role_aware_pmf_cal_v1+monotone_inactive_global_v1,phase8_pmf_cal,rotation,derived_from_projected_minutes,22.0703,21.7952,0.05,1.1835,1.1835,1,1,0.2364,0.7636,0.2925,0.0949,0.026,0.0053,0.0009,0.0001,0.0,0.0,0.0,0.0,0.0,0.0,0.0,0.0,0.0,0.0,0.0,0.0,0.0,0.0,,,morning,2026-05-30T22:47:50Z,6233da92#phase10c,30c4e23e-47a2-4ac0-bf0b-c3c6422ca067,ok,0.0,high,full,current_phase8,fallback_used,projected,derived_from_projected_minutes,bdl_plus_nba_official,2026-05-30T22:46:57Z,projected,not_available_yet,bdl_lineup_freshness_manifest,2026-05-30T21:12:58Z,model_grid
Dylan Harper,1057262518,SAS,OKC,False,21713534,stocks,17.5,17.5,"stat_grid:component_convolution_mean_coherent_v1+components[stl:hurdle_v1+role_aware_pmf_cal_v1:rotation+monotone_pit_cdf_v1+sparse_hurdle_guarded,blk:hurdle_v1+role_aware_pmf_cal_v1:rotation+monotone_pit_cdf_v1+sparse_hurdle_guarded]+prior_combo[joint_sampler_v1+joint_combo_pmf_v1+role_aware_pmf_cal_v1:rotation+monotone_pit_cdf_v1+sparse_hurdle_guarded]+stat_grid_final_component_convolution_mean_coherent_v1",phase8_role_aware_pmf_cal_v1+monotone_inactive_global_v1,phase8_pmf_cal,rotation,derived_from_projected_minutes,22.0703,21.7952,0.05,1.1835,1.1835,1,1,0.2364,0.7636,0.2925,0.0949,0.026,0.0053,0.0009,0.0001,0.0,0.0,0.0,0.0,0.0,0.0,0.0,0.0,0.0,0.0,0.0,0.0,0.0,0.0,,,morning,2026-05-30T22:47:50Z,6233da92#phase10c,30c4e23e-47a2-4ac0-bf0b-c3c6422ca067,ok,0.0,high,full,current_phase8,fallback_used,projected,derived_from_projected_minutes,bdl_plus_nba_official,2026-05-30T22:46:57Z,projected,not_available_yet,bdl_lineup_freshness_manifest,2026-05-30T21:12:58Z,model_grid
Dylan Harper,1057262518,SAS,OKC,False,21713534,stocks,18.5,18.5,"stat_grid:component_convolution_mean_coherent_v1+components[stl:hurdle_v1+role_aware_pmf_cal_v1:rotation+monotone_pit_cdf_v1+sparse_hurdle_guarded,blk:hurdle_v1+role_aware_pmf_cal_v1:rotation+monotone_pit_cdf_v1+sparse_hurdle_guarded]+prior_combo[joint_sampler_v1+joint_combo_pmf_v1+role_aware_pmf_cal_v1:rotation+monotone_pit_cdf_v1+sparse_hurdle_guarded]+stat_grid_final_component_convolution_mean_coherent_v1",phase8_role_aware_pmf_cal_v1+monotone_inactive_global_v1,phase8_pmf_cal,rotation,derived_from_projected_minutes,22.0703,21.7952,0.05,1.1835,1.1835,1,1,0.2364,0.7636,0.2925,0.0949,0.026,0.0053,0.0009,0.0001,0.0,0.0,0.0,0.0,0.0,0.0,0.0,0.0,0.0,0.0,0.0,0.0,0.0,0.0,,,morning,2026-05-30T22:47:50Z,6233da92#phase10c,30c4e23e-47a2-4ac0-bf0b-c3c6422ca067,ok,0.0,high,full,current_phase8,fallback_used,projected,derived_from_projected_minutes,bdl_plus_nba_official,2026-05-30T22:46:57Z,projected,not_available_yet,bdl_lineup_freshness_manifest,2026-05-30T21:12:58Z,model_grid
Dylan Harper,1057262518,SAS,OKC,False,21713534,stocks,19.5,19.5,"stat_grid:component_convolution_mean_coherent_v1+components[stl:hurdle_v1+role_aware_pmf_cal_v1:rotation+monotone_pit_cdf_v1+sparse_hurdle_guarded,blk:hurdle_v1+role_aware_pmf_cal_v1:rotation+monotone_pit_cdf_v1+sparse_hurdle_guarded]+prior_combo[joint_sampler_v1+joint_combo_pmf_v1+role_aware_pmf_cal_v1:rotation+monotone_pit_cdf_v1+sparse_hurdle_guarded]+stat_grid_final_component_convolution_mean_coherent_v1",phase8_role_aware_pmf_cal_v1+monotone_inactive_global_v1,phase8_pmf_cal,rotation,derived_from_projected_minutes,22.0703,21.7952,0.05,1.1835,1.1835,1,1,0.2364,0.7636,0.2925,0.0949,0.026,0.0053,0.0009,0.0001,0.0,0.0,0.0,0.0,0.0,0.0,0.0,0.0,0.0,0.0,0.0,0.0,0.0,0.0,,,morning,2026-05-30T22:47:50Z,6233da92#phase10c,30c4e23e-47a2-4ac0-bf0b-c3c6422ca067,ok,0.0,high,full,current_phase8,fallback_used,projected,derived_from_projected_minutes,bdl_plus_nba_official,2026-05-30T22:46:57Z,projected,not_available_yet,bdl_lineup_freshness_manifest,2026-05-30T21:12:58Z,model_grid
Dylan Harper,1057262518,SAS,OKC,False,21713534,pa,0.5,0.5,"stat_grid:component_convolution_mean_coherent_v1+components[pts:pmf_sim_v1+role_aware_pmf_cal_v1:rotation+monotone_pit_cdf_v1,ast:pmf_sim_v1+role_aware_pmf_cal_v1:rotation+monotone_pit_cdf_v1]+prior_combo[joint_sampler_v1+joint_combo_pmf_v1+role_aware_pmf_cal_v1:rotation+monotone_pit_cdf_v1]+stat_grid_final_component_convolution_mean_coherent_v1",phase8_role_aware_pmf_cal_v1+monotone_inactive_global_v1,phase8_pmf_cal,rotation,derived_from_projected_minutes,22.0703,21.7952,0.05,14.7732,14.7732,14,13,0.0017,0.9983,0.9922,0.9815,0.9648,0.942,0.9171,0.8907,0.8604,0.8245,0.7826,0.7328,0.6764,0.6163,0.553,0.4923,0.432,0.3763,0.3245,0.2757,0.2311,0.9983,-59658.0,59658.0,morning,2026-05-30T22:47:50Z,6233da92#phase10c,30c4e23e-47a2-4ac0-bf0b-c3c6422ca067,ok,0.0,high,full,current_phase8,fallback_used,projected,derived_from_projected_minutes,bdl_plus_nba_official,2026-05-30T22:46:57Z,projected,not_available_yet,bdl_lineup_freshness_manifest,2026-05-30T21:12:58Z,model_grid
Dylan Harper,1057262518,SAS,OKC,False,21713534,pa,1.5,1.5,"stat_grid:component_convolution_mean_coherent_v1+components[pts:pmf_sim_v1+role_aware_pmf_cal_v1:rotation+monotone_pit_cdf_v1,ast:pmf_sim_v1+role_aware_pmf_cal_v1:rotation+monotone_pit_cdf_v1]+prior_combo[joint_sampler_v1+joint_combo_pmf_v1+role_aware_pmf_cal_v1:rotation+monotone_pit_cdf_v1]+stat_grid_final_component_convolution_mean_coherent_v1",phase8_role_aware_pmf_cal_v1+monotone_inactive_global_v1,phase8_pmf_cal,rotation,derived_from_projected_minutes,22.0703,21.7952,0.05,14.7732,14.7732,14,13,0.0017,0.9983,0.9922,0.9815,0.9648,0.942,0.9171,0.8907,0.8604,0.8245,0.7826,0.7328,0.6764,0.6163,0.553,0.4923,0.432,0.3763,0.3245,0.2757,0.2311,0.9922,-12737.0,12737.0,morning,2026-05-30T22:47:50Z,6233da92#phase10c,30c4e23e-47a2-4ac0-bf0b-c3c6422ca067,ok,0.0,high,full,current_phase8,fallback_used,projected,derived_from_projected_minutes,bdl_plus_nba_official,2026-05-30T22:46:57Z,projected,not_available_yet,bdl_lineup_freshness_manifest,2026-05-30T21:12:58Z,model_grid
Dylan Harper,1057262518,SAS,OKC,False,21713534,pa,2.5,2.5,"stat_grid:component_convolution_mean_coherent_v1+components[pts:pmf_sim_v1+role_aware_pmf_cal_v1:rotation+monotone_pit_cdf_v1,ast:pmf_sim_v1+role_aware_pmf_cal_v1:rotation+monotone_pit_cdf_v1]+prior_combo[joint_sampler_v1+joint_combo_pmf_v1+role_aware_pmf_cal_v1:rotation+monotone_pit_cdf_v1]+stat_grid_final_component_convolution_mean_coherent_v1",phase8_role_aware_pmf_cal_v1+monotone_inactive_global_v1,phase8_pmf_cal,rotation,derived_from_projected_minutes,22.0703,21.7952,0.05,14.7732,14.7732,14,13,0.0017,0.9983,0.9922,0.9815,0.9648,0.942,0.9171,0.8907,0.8604,0.8245,0.7826,0.7328,0.6764,0.6163,0.553,0.4923,0.432,0.3763,0.3245,0.2757,0.2311,0.9815,-5313.0,5313.0,morning,2026-05-30T22:47:50Z,6233da92#phase10c,30c4e23e-47a2-4ac0-bf0b-c3c6422ca067,ok,0.0,high,full,current_phase8,fallback_used,projected,derived_from_projected_minutes,bdl_plus_nba_official,2026-05-30T22:46:57Z,projected,not_available_yet,bdl_lineup_freshness_manifest,2026-05-30T21:12:58Z,model_grid
Dylan Harper,1057262518,SAS,OKC,False,21713534,pa,3.5,3.5,"stat_grid:component_convolution_mean_coherent_v1+components[pts:pmf_sim_v1+role_aware_pmf_cal_v1:rotation+monotone_pit_cdf_v1,ast:pmf_sim_v1+role_aware_pmf_cal_v1:rotation+monotone_pit_cdf_v1]+prior_combo[joint_sampler_v1+joint_combo_pmf_v1+role_aware_pmf_cal_v1:rotation+monotone_pit_cdf_v1]+stat_grid_final_component_convolution_mean_coherent_v1",phase8_role_aware_pmf_cal_v1+monotone_inactive_global_v1,phase8_pmf_cal,rotation,derived_from_projected_minutes,22.0703,21.7952,0.05,14.7732,14.7732,14,13,0.0017,0.9983,0.9922,0.9815,0.9648,0.942,0.9171,0.8907,0.8604,0.8245,0.7826,0.7328,0.6764,0.6163,0.553,0.4923,0.432,0.3763,0.3245,0.2757,0.2311,0.9648,-2738.0,2738.0,morning,2026-05-30T22:47:50Z,6233da92#phase10c,30c4e23e-47a2-4ac0-bf0b-c3c6422ca067,ok,0.0,high,full,current_phase8,fallback_used,projected,derived_from_projected_minutes,bdl_plus_nba_official,2026-05-30T22:46:57Z,projected,not_available_yet,bdl_lineup_freshness_manifest,2026-05-30T21:12:58Z,model_grid
Dylan Harper,1057262518,SAS,OKC,False,21713534,pa,4.5,4.5,"stat_grid:component_convolution_mean_coherent_v1+components[pts:pmf_sim_v1+role_aware_pmf_cal_v1:rotation+monotone_pit_cdf_v1,ast:pmf_sim_v1+role_aware_pmf_cal_v1:rotation+monotone_pit_cdf_v1]+prior_combo[joint_sampler_v1+joint_combo_pmf_v1+role_aware_pmf_cal_v1:rotation+monotone_pit_cdf_v1]+stat_grid_final_component_convolution_mean_coherent_v1",phase8_role_aware_pmf_cal_v1+monotone_inactive_global_v1,phase8_pmf_cal,rotation,derived_from_projected_minutes,22.0703,21.7952,0.05,14.7732,14.7732,14,13,0.0017,0.9983,0.9922,0.9815,0.9648,0.942,0.9171,0.8907,0.8604,0.8245,0.7826,0.7328,0.6764,0.6163,0.553,0.4923,0.432,0.3763,0.3245,0.2757,0.2311,0.942,-1624.0,1624.0,morning,2026-05-30T22:47:50Z,6233da92#phase10c,30c4e23e-47a2-4ac0-bf0b-c3c6422ca067,ok,0.0,high,full,current_phase8,fallback_used,projected,derived_from_projected_minutes,bdl_plus_nba_official,2026-05-30T22:46:57Z,projected,not_available_yet,bdl_lineup_freshness_manifest,2026-05-30T21:12:58Z,model_grid
Dylan Harper,1057262518,SAS,OKC,False,21713534,pa,5.5,5.5,"stat_grid:component_convolution_mean_coherent_v1+components[pts:pmf_sim_v1+role_aware_pmf_cal_v1:rotation+monotone_pit_cdf_v1,ast:pmf_sim_v1+role_aware_pmf_cal_v1:rotation+monotone_pit_cdf_v1]+prior_combo[joint_sampler_v1+joint_combo_pmf_v1+role_aware_pmf_cal_v1:rotation+monotone_pit_cdf_v1]+stat_grid_final_component_convolution_mean_coherent_v1",phase8_role_aware_pmf_cal_v1+monotone_inactive_global_v1,phase8_pmf_cal,rotation,derived_from_projected_minutes,22.0703,21.7952,0.05,14.7732,14.7732,14,13,0.0017,0.9983,0.9922,0.9815,0.9648,0.942,0.9171,0.8907,0.8604,0.8245,0.7826,0.7328,0.6764,0.6163,0.553,0.4923,0.432,0.3763,0.3245,0.2757,0.2311,0.9171,-1106.0,1106.0,morning,2026-05-30T22:47:50Z,6233da92#phase10c,30c4e23e-47a2-4ac0-bf0b-c3c6422ca067,ok,0.0,high,full,current_phase8,fallback_used,projected,derived_from_projected_minutes,bdl_plus_nba_official,2026-05-30T22:46:57Z,projected,not_available_yet,bdl_lineup_freshness_manifest,2026-05-30T21:12:58Z,model_grid
Dylan Harper,1057262518,SAS,OKC,False,21713534,pa,6.5,6.5,"stat_grid:component_convolution_mean_coherent_v1+components[pts:pmf_sim_v1+role_aware_pmf_cal_v1:rotation+monotone_pit_cdf_v1,ast:pmf_sim_v1+role_aware_pmf_cal_v1:rotation+monotone_pit_cdf_v1]+prior_combo[joint_sampler_v1+joint_combo_pmf_v1+role_aware_pmf_cal_v1:rotation+monotone_pit_cdf_v1]+stat_grid_final_component_convolution_mean_coherent_v1",phase8_role_aware_pmf_cal_v1+monotone_inactive_global_v1,phase8_pmf_cal,rotation,derived_from_projected_minutes,22.0703,21.7952,0.05,14.7732,14.7732,14,13,0.0017,0.9983,0.9922,0.9815,0.9648,0.942,0.9171,0.8907,0.8604,0.8245,0.7826,0.7328,0.6764,0.6163,0.553,0.4923,0.432,0.3763,0.3245,0.2757,0.2311,0.8907,-815.0,815.0,morning,2026-05-30T22:47:50Z,6233da92#phase10c,30c4e23e-47a2-4ac0-bf0b-c3c6422ca067,ok,0.0,high,full,current_phase8,fallback_used,projected,derived_from_projected_minutes,bdl_plus_nba_official,2026-05-30T22:46:57Z,projected,not_available_yet,bdl_lineup_freshness_manifest,2026-05-30T21:12:58Z,model_grid
Dylan Harper,1057262518,SAS,OKC,False,21713534,pa,7.5,7.5,"stat_grid:component_convolution_mean_coherent_v1+components[pts:pmf_sim_v1+role_aware_pmf_cal_v1:rotation+monotone_pit_cdf_v1,ast:pmf_sim_v1+role_aware_pmf_cal_v1:rotation+monotone_pit_cdf_v1]+prior_combo[joint_sampler_v1+joint_combo_pmf_v1+role_aware_pmf_cal_v1:rotation+monotone_pit_cdf_v1]+stat_grid_final_component_convolution_mean_coherent_v1",phase8_role_aware_pmf_cal_v1+monotone_inactive_global_v1,phase8_pmf_cal,rotation,derived_from_projected_minutes,22.0703,21.7952,0.05,14.7732,14.7732,14,13,0.0017,0.9983,0.9922,0.9815,0.9648,0.942,0.9171,0.8907,0.8604,0.8245,0.7826,0.7328,0.6764,0.6163,0.553,0.4923,0.432,0.3763,0.3245,0.2757,0.2311,0.8604,-616.0,616.0,morning,2026-05-30T22:47:50Z,6233da92#phase10c,30c4e23e-47a2-4ac0-bf0b-c3c6422ca067,ok,0.0,high,full,current_phase8,fallback_used,projected,derived_from_projected_minutes,bdl_plus_nba_official,2026-05-30T22:46:57Z,projected,not_available_yet,bdl_lineup_freshness_manifest,2026-05-30T21:12:58Z,model_grid
Dylan Harper,1057262518,SAS,OKC,False,21713534,pa,8.5,8.5,"stat_grid:component_convolution_mean_coherent_v1+components[pts:pmf_sim_v1+role_aware_pmf_cal_v1:rotation+monotone_pit_cdf_v1,ast:pmf_sim_v1+role_aware_pmf_cal_v1:rotation+monotone_pit_cdf_v1]+prior_combo[joint_sampler_v1+joint_combo_pmf_v1+role_aware_pmf_cal_v1:rotation+monotone_pit_cdf_v1]+stat_grid_final_component_convolution_mean_coherent_v1",phase8_role_aware_pmf_cal_v1+monotone_inactive_global_v1,phase8_pmf_cal,rotation,derived_from_projected_minutes,22.0703,21.7952,0.05,14.7732,14.7732,14,13,0.0017,0.9983,0.9922,0.9815,0.9648,0.942,0.9171,0.8907,0.8604,0.8245,0.7826,0.7328,0.6764,0.6163,0.553,0.4923,0.432,0.3763,0.3245,0.2757,0.2311,0.8245,-470.0,470.0,morning,2026-05-30T22:47:50Z,6233da92#phase10c,30c4e23e-47a2-4ac0-bf0b-c3c6422ca067,ok,0.0,high,full,current_phase8,fallback_used,projected,derived_from_projected_minutes,bdl_plus_nba_official,2026-05-30T22:46:57Z,projected,not_available_yet,bdl_lineup_freshness_manifest,2026-05-30T21:12:58Z,model_grid
Dylan Harper,1057262518,SAS,OKC,False,21713534,pa,9.5,9.5,"stat_grid:component_convolution_mean_coherent_v1+components[pts:pmf_sim_v1+role_aware_pmf_cal_v1:rotation+monotone_pit_cdf_v1,ast:pmf_sim_v1+role_aware_pmf_cal_v1:rotation+monotone_pit_cdf_v1]+prior_combo[joint_sampler_v1+joint_combo_pmf_v1+role_aware_pmf_cal_v1:rotation+monotone_pit_cdf_v1]+stat_grid_final_component_convolution_mean_coherent_v1",phase8_role_aware_pmf_cal_v1+monotone_inactive_global_v1,phase8_pmf_cal,rotation,derived_from_projected_minutes,22.0703,21.7952,0.05,14.7732,14.7732,14,13,0.0017,0.9983,0.9922,0.9815,0.9648,0.942,0.9171,0.8907,0.8604,0.8245,0.7826,0.7328,0.6764,0.6163,0.553,0.4923,0.432,0.3763,0.3245,0.2757,0.2311,0.7826,-360.0,360.0,morning,2026-05-30T22:47:50Z,6233da92#phase10c,30c4e23e-47a2-4ac0-bf0b-c3c6422ca067,ok,0.0,high,full,current_phase8,fallback_used,projected,derived_from_projected_minutes,bdl_plus_nba_official,2026-05-30T22:46:57Z,projected,not_available_yet,bdl_lineup_freshness_manifest,2026-05-30T21:12:58Z,model_grid
Dylan Harper,1057262518,SAS,OKC,False,21713534,pa,10.5,10.5,"stat_grid:component_convolution_mean_coherent_v1+components[pts:pmf_sim_v1+role_aware_pmf_cal_v1:rotation+monotone_pit_cdf_v1,ast:pmf_sim_v1+role_aware_pmf_cal_v1:rotation+monotone_pit_cdf_v1]+prior_combo[joint_sampler_v1+joint_combo_pmf_v1+role_aware_pmf_cal_v1:rotation+monotone_pit_cdf_v1]+stat_grid_final_component_convolution_mean_coherent_v1",phase8_role_aware_pmf_cal_v1+monotone_inactive_global_v1,phase8_pmf_cal,rotation,derived_from_projected_minutes,22.0703,21.7952,0.05,14.7732,14.7732,14,13,0.0017,0.9983,0.9922,0.9815,0.9648,0.942,0.9171,0.8907,0.8604,0.8245,0.7826,0.7328,0.6764,0.6163,0.553,0.4923,0.432,0.3763,0.3245,0.2757,0.2311,0.7328,-274.0,274.0,morning,2026-05-30T22:47:50Z,6233da92#phase10c,30c4e23e-47a2-4ac0-bf0b-c3c6422ca067,ok,0.0,high,full,current_phase8,fallback_used,projected,derived_from_projected_minutes,bdl_plus_nba_official,2026-05-30T22:46:57Z,projected,not_available_yet,bdl_lineup_freshness_manifest,2026-05-30T21:12:58Z,model_grid
Dylan Harper,1057262518,SAS,OKC,False,21713534,pa,11.5,11.5,"stat_grid:component_convolution_mean_coherent_v1+components[pts:pmf_sim_v1+role_aware_pmf_cal_v1:rotation+monotone_pit_cdf_v1,ast:pmf_sim_v1+role_aware_pmf_cal_v1:rotation+monotone_pit_cdf_v1]+prior_combo[joint_sampler_v1+joint_combo_pmf_v1+role_aware_pmf_cal_v1:rotation+monotone_pit_cdf_v1]+stat_grid_final_component_convolution_mean_coherent_v1",phase8_role_aware_pmf_cal_v1+monotone_inactive_global_v1,phase8_pmf_cal,rotation,derived_from_projected_minutes,22.0703,21.7952,0.05,14.7732,14.7732,14,13,0.0017,0.9983,0.9922,0.9815,0.9648,0.942,0.9171,0.8907,0.8604,0.8245,0.7826,0.7328,0.6764,0.6163,0.553,0.4923,0.432,0.3763,0.3245,0.2757,0.2311,0.6764,-209.0,209.0,morning,2026-05-30T22:47:50Z,6233da92#phase10c,30c4e23e-47a2-4ac0-bf0b-c3c6422ca067,ok,0.0,high,full,current_phase8,fallback_used,projected,derived_from_projected_minutes,bdl_plus_nba_official,2026-05-30T22:46:57Z,projected,not_available_yet,bdl_lineup_freshness_manifest,2026-05-30T21:12:58Z,model_grid
Dylan Harper,1057262518,SAS,OKC,False,21713534,pa,12.5,12.5,"stat_grid:component_convolution_mean_coherent_v1+components[pts:pmf_sim_v1+role_aware_pmf_cal_v1:rotation+monotone_pit_cdf_v1,ast:pmf_sim_v1+role_aware_pmf_cal_v1:rotation+monotone_pit_cdf_v1]+prior_combo[joint_sampler_v1+joint_combo_pmf_v1+role_aware_pmf_cal_v1:rotation+monotone_pit_cdf_v1]+stat_grid_final_component_convolution_mean_coherent_v1",phase8_role_aware_pmf_cal_v1+monotone_inactive_global_v1,phase8_pmf_cal,rotation,derived_from_projected_minutes,22.0703,21.7952,0.05,14.7732,14.7732,14,13,0.0017,0.9983,0.9922,0.9815,0.9648,0.942,0.9171,0.8907,0.8604,0.8245,0.7826,0.7328,0.6764,0.6163,0.553,0.4923,0.432,0.3763,0.3245,0.2757,0.2311,0.6163,-161.0,161.0,morning,2026-05-30T22:47:50Z,6233da92#phase10c,30c4e23e-47a2-4ac0-bf0b-c3c6422ca067,ok,0.0,high,full,current_phase8,fallback_used,projected,derived_from_projected_minutes,bdl_plus_nba_official,2026-05-30T22:46:57Z,projected,not_available_yet,bdl_lineup_freshness_manifest,2026-05-30T21:12:58Z,model_grid
Dylan Harper,1057262518,SAS,OKC,False,21713534,pa,13.5,13.5,"stat_grid:component_convolution_mean_coherent_v1+components[pts:pmf_sim_v1+role_aware_pmf_cal_v1:rotation+monotone_pit_cdf_v1,ast:pmf_sim_v1+role_aware_pmf_cal_v1:rotation+monotone_pit_cdf_v1]+prior_combo[joint_sampler_v1+joint_combo_pmf_v1+role_aware_pmf_cal_v1:rotation+monotone_pit_cdf_v1]+stat_grid_final_component_convolution_mean_coherent_v1",phase8_role_aware_pmf_cal_v1+monotone_inactive_global_v1,phase8_pmf_cal,rotation,derived_from_projected_minutes,22.0703,21.7952,0.05,14.7732,14.7732,14,13,0.0017,0.9983,0.9922,0.9815,0.9648,0.942,0.9171,0.8907,0.8604,0.8245,0.7826,0.7328,0.6764,0.6163,0.553,0.4923,0.432,0.3763,0.3245,0.2757,0.2311,0.553,-124.0,124.0,morning,2026-05-30T22:47:50Z,6233da92#phase10c,30c4e23e-47a2-4ac0-bf0b-c3c6422ca067,ok,0.0,high,full,current_phase8,fallback_used,projected,derived_from_projected_minutes,bdl_plus_nba_official,2026-05-30T22:46:57Z,projected,not_available_yet,bdl_lineup_freshness_manifest,2026-05-30T21:12:58Z,model_grid
